Simulation:L=9, P_s=1.0, T_swap=10.0, T_1=10.0, T_0=1.0, N_T=1000 
Temperature T, <E>(T), <-E/E_0>(T), <E^2>(T), Relaxation Iterations=tau(T), Accepted Candidates A(T), Final Configuration Correlation Function Value 
10.0, -339.08, -0.19622685185185185, 115450.48, 0.0, 0.0, 0.0 
9.977000638225533, -338.34, -0.1957986111111111, 115011.72, 0.0, 0.0, 0.0 
9.95405417351527, -350.62, -0.2029050925925926, 123534.92, 0.0, 0.0, 0.0 
9.931160484209338, -342.88, -0.19842592592592592, 118238.24, 0.0, 0.0, 0.0 
9.908319448927676, -343.52, -0.19879629629629628, 118487.92, 0.0, 0.0, 0.0 
9.88553094656939, -343.58, -0.1988310185185185, 118763.48, 0.0, 0.0, 0.0 
9.862794856312105, -341.92, -0.1978703703703704, 117476.96, 0.0, 0.0, 0.0 
9.840111057611336, -343.76, -0.1989351851851852, 118799.92, 0.0, 0.0, 0.0 
9.817479430199844, -338.84, -0.19608796296296294, 115506.56, 0.0, 0.0, 0.0 
9.794899854086989, -343.76, -0.1989351851851852, 118977.84, 0.0, 0.0, 0.0 
9.772372209558107, -342.34, -0.1981134259259259, 117760.52, 0.0, 0.0, 0.0 
9.74989637717387, -341.46, -0.19760416666666666, 117110.28, 0.0, 0.0, 0.0 
9.727472237769652, -339.06, -0.19621527777777778, 115554.84, 0.0, 0.0, 0.0 
9.705099672454896, -347.78, -0.20126157407407405, 121544.68, 0.0, 0.0, 0.0 
9.682778562612492, -348.16, -0.20148148148148148, 121801.04, 0.0, 0.0, 0.0 
9.660508789898133, -343.58, -0.1988310185185185, 118659.72, 0.0, 0.0, 0.0 
9.638290236239705, -348.54, -0.2017013888888889, 122026.84, 0.0, 0.0, 0.0 
9.616122783836648, -345.16, -0.19974537037037038, 119670.48, 0.0, 0.0, 0.0 
9.594006315159332, -343.96, -0.1990509259259259, 118837.76, 0.0, 0.0, 0.0 
9.571940712948445, -344.54, -0.1993865740740741, 119137.48, 0.0, 0.0, 0.0 
9.54992586021436, -341.44, -0.1975925925925926, 117092.8, 0.0, 0.0, 0.0 
9.52796164023652, -344.1, -0.19913194444444446, 118934.68, 0.0, 0.0, 0.0 
9.506047936562815, -339.74, -0.1966087962962963, 116041.32, 0.0, 0.0, 0.0 
9.484184633008972, -345.24, -0.19979166666666667, 119697.6, 0.0, 0.0, 0.0 
9.46237161365793, -348.42, -0.20163194444444446, 122023.48, 0.0, 0.0, 0.0 
9.440608762859235, -348.62, -0.20174768518518518, 122056.76, 0.0, 0.0, 0.0 
9.418895965228414, -345.02, -0.19966435185185183, 119763.16, 0.0, 0.0, 0.0 
9.397233105646379, -344.22, -0.19920138888888891, 119133.08, 0.0, 0.0, 0.0 
9.375620069258803, -347.42, -0.20105324074074074, 121301.0, 0.0, 0.0, 0.0 
9.35405674147552, -349.3, -0.2021412037037037, 122663.48, 0.0, 0.0, 0.0 
9.33254300796991, -344.9, -0.1995949074074074, 119466.68, 0.0, 0.0, 0.0 
9.311078754678304, -346.0, -0.20023148148148148, 120285.68, 0.0, 0.0, 0.0 
9.289663867799364, -346.52, -0.2005324074074074, 120721.92, 0.0, 0.0, 0.0 
9.268298233793493, -347.78, -0.20126157407407405, 121494.68, 0.0, 0.0, 0.0 
9.246981739382225, -345.92, -0.2001851851851852, 120283.68, 0.0, 0.0, 0.0 
9.22571427154763, -345.0, -0.1996527777777778, 119673.6, 0.0, 0.0, 0.0 
9.204495717531714, -342.58, -0.1982523148148148, 118070.84, 0.0, 0.0, 0.0 
9.18332596483581, -341.3, -0.19751157407407408, 117043.8, 0.0, 0.0, 0.0 
9.162204901219997, -345.6, -0.2, 120009.76, 0.0, 0.0, 0.0 
9.141132414702502, -346.8, -0.20069444444444445, 120715.36, 0.0, 0.0, 0.0 
9.120108393559098, -345.34, -0.19984953703703703, 119919.24, 0.0, 0.0, 0.0 
9.099132726322516, -346.32, -0.20041666666666666, 120432.24, 0.0, 0.0, 0.0 
9.078205301781857, -349.02, -0.20197916666666665, 122405.4, 0.0, 0.0, 0.0 
9.057326008982, -346.62, -0.20059027777777777, 120662.68, 0.0, 0.0, 0.0 
9.036494737223014, -347.16, -0.2009027777777778, 121097.12, 0.0, 0.0, 0.0 
9.015711376059569, -345.78, -0.20010416666666664, 120176.28, 0.0, 0.0, 0.0 
8.994975815300352, -348.9, -0.2019097222222222, 122240.92, 0.0, 0.0, 0.0 
8.974287945007484, -351.98, -0.20369212962962965, 124519.72, 0.0, 0.0, 0.0 
8.953647655495939, -346.6, -0.2005787037037037, 120847.44, 0.0, 0.0, 0.0 
8.933054837332952, -351.0, -0.203125, 123766.4, 0.0, 0.0, 0.0 
8.912509381337456, -350.46, -0.20281249999999998, 123430.28, 0.0, 0.0, 0.0 
8.892011178579484, -350.52, -0.2028472222222222, 123423.44, 0.0, 0.0, 0.0 
8.871560120379609, -349.44, -0.20222222222222222, 122625.6, 0.0, 0.0, 0.0 
8.851156098308355, -350.94, -0.20309027777777777, 123739.32, 0.0, 0.0, 0.0 
8.830799004185629, -348.56, -0.20171296296296296, 122144.96, 0.0, 0.0, 0.0 
8.81048873008014, -350.12, -0.20261574074074074, 123306.48, 0.0, 0.0, 0.0 
8.790225168308844, -352.72, -0.2041203703703704, 125004.72, 0.0, 0.0, 0.0 
8.770008211436348, -353.98, -0.20484953703703704, 125938.04, 0.0, 0.0, 0.0 
8.749837752274361, -352.0, -0.2037037037037037, 124696.24, 0.0, 0.0, 0.0 
8.729713683881116, -349.06, -0.20200231481481482, 122450.84, 0.0, 0.0, 0.0 
8.709635899560807, -347.14, -0.2008912037037037, 121066.68, 0.0, 0.0, 0.0 
8.689604292863018, -350.52, -0.2028472222222222, 123462.24, 0.0, 0.0, 0.0 
8.669618757582166, -351.0, -0.203125, 123793.36, 0.0, 0.0, 0.0 
8.649679187756933, -349.88, -0.20247685185185185, 123268.08, 0.0, 0.0, 0.0 
8.629785477669703, -351.24, -0.20326388888888888, 123972.0, 0.0, 0.0, 0.0 
8.609937521846007, -348.1, -0.20144675925925928, 121869.64, 0.0, 0.0, 0.0 
8.590135215053957, -348.08, -0.2014351851851852, 121719.92, 0.0, 0.0, 0.0 
8.570378452303697, -356.08, -0.2060648148148148, 127378.8, 0.0, 0.0, 0.0 
8.550667128846833, -355.3, -0.20561342592592594, 126908.44, 0.0, 0.0, 0.0 
8.531001140175894, -356.32, -0.2062037037037037, 127618.72, 0.0, 0.0, 0.0 
8.511380382023765, -358.68, -0.20756944444444445, 129305.76, 0.0, 0.0, 0.0 
8.491804750363139, -349.96, -0.20252314814814815, 123043.76, 0.0, 0.0, 0.0 
8.472274141405965, -352.56, -0.20402777777777778, 124947.12, 0.0, 0.0, 0.0 
8.452788451602899, -354.48, -0.2051388888888889, 126350.4, 0.0, 0.0, 0.0 
8.433347577642753, -351.16, -0.20321759259259262, 123835.28, 0.0, 0.0, 0.0 
8.413951416451951, -350.98, -0.20311342592592593, 123581.16, 0.0, 0.0, 0.0 
8.394599865193975, -355.44, -0.20569444444444443, 126916.08, 0.0, 0.0, 0.0 
8.375292821268825, -349.58, -0.20230324074074074, 122853.16, 0.0, 0.0, 0.0 
8.35603018231248, -358.02, -0.2071875, 128917.88, 0.0, 0.0, 0.0 
8.336811846196344, -358.38, -0.20739583333333333, 129160.28, 0.0, 0.0, 0.0 
8.317637711026709, -347.08, -0.20085648148148147, 120994.72, 0.0, 0.0, 0.0 
8.298507675144224, -352.08, -0.20375, 124596.8, 0.0, 0.0, 0.0 
8.279421637123342, -357.66, -0.2069791666666667, 128522.36, 0.0, 0.0, 0.0 
8.260379495771787, -354.96, -0.20541666666666666, 126573.68, 0.0, 0.0, 0.0 
8.241381150130023, -357.74, -0.20702546296296298, 128729.64, 0.0, 0.0, 0.0 
8.22242649947071, -361.28, -0.20907407407407405, 131164.4, 0.0, 0.0, 0.0 
8.203515443298183, -357.46, -0.2068634259259259, 128435.48, 0.0, 0.0, 0.0 
8.184647881347898, -358.4, -0.2074074074074074, 129153.04, 0.0, 0.0, 0.0 
8.165823713585924, -360.4, -0.20856481481481481, 130526.16, 0.0, 0.0, 0.0 
8.147042840208396, -355.66, -0.20582175925925927, 127188.52, 0.0, 0.0, 0.0 
8.128305161640993, -353.24, -0.2044212962962963, 125396.8, 0.0, 0.0, 0.0 
8.109610578538408, -360.82, -0.20880787037037038, 130884.52, 0.0, 0.0, 0.0 
8.090958991783824, -355.26, -0.20559027777777777, 126922.04, 0.0, 0.0, 0.0 
8.072350302488381, -357.66, -0.2069791666666667, 128435.08, 0.0, 0.0, 0.0 
8.053784411990666, -356.28, -0.20618055555555553, 127466.64, 0.0, 0.0, 0.0 
8.035261221856173, -353.36, -0.20449074074074075, 125578.16, 0.0, 0.0, 0.0 
8.016780633876792, -354.1, -0.2049189814814815, 125957.0, 0.0, 0.0, 0.0 
7.9983425500702845, -357.36, -0.20680555555555558, 128397.84, 0.0, 0.0, 0.0 
7.979946872679767, -359.18, -0.2078587962962963, 129697.08, 0.0, 0.0, 0.0 
7.961593504173187, -353.48, -0.2045601851851852, 125610.8, 0.0, 0.0, 0.0 
7.943282347242815, -355.7, -0.2058449074074074, 127089.4, 0.0, 0.0, 0.0 
7.925013304804718, -360.5, -0.20862268518518517, 130502.12, 0.0, 0.0, 0.0 
7.906786279998252, -358.44, -0.20743055555555556, 129110.48, 0.0, 0.0, 0.0 
7.888601176185545, -356.1, -0.2060763888888889, 127534.2, 0.0, 0.0, 0.0 
7.870457896950986, -358.58, -0.20751157407407406, 129201.72, 0.0, 0.0, 0.0 
7.852356346100718, -364.28, -0.21081018518518516, 133277.04, 0.0, 0.0, 0.0 
7.834296427662117, -356.4, -0.20625, 127728.24, 0.0, 0.0, 0.0 
7.816278045883296, -360.66, -0.2087152777777778, 130811.88, 0.0, 0.0, 0.0 
7.798301105232587, -366.64, -0.2121759259259259, 135046.48, 0.0, 0.0, 0.0 
7.780365510398041, -358.34, -0.20737268518518517, 129084.52, 0.0, 0.0, 0.0 
7.762471166286917, -358.4, -0.2074074074074074, 128921.68, 0.0, 0.0, 0.0 
7.744617978025188, -364.48, -0.21092592592592593, 133441.76, 0.0, 0.0, 0.0 
7.726805850957024, -360.94, -0.2088773148148148, 130988.84, 0.0, 0.0, 0.0 
7.709034690644301, -356.54, -0.20633101851851854, 127647.16, 0.0, 0.0, 0.0 
7.691304402866096, -363.0, -0.21006944444444445, 132341.36, 0.0, 0.0, 0.0 
7.673614893618189, -360.86, -0.2088310185185185, 130845.72, 0.0, 0.0, 0.0 
7.655966069112563, -361.16, -0.20900462962962965, 131206.88, 0.0, 0.0, 0.0 
7.638357835776906, -360.56, -0.2086574074074074, 130694.56, 0.0, 0.0, 0.0 
7.62079010025412, -363.76, -0.21050925925925926, 133084.88, 0.0, 0.0, 0.0 
7.603262769401819, -364.98, -0.2112152777777778, 133703.48, 0.0, 0.0, 0.0 
7.5857757502918375, -365.1, -0.21128472222222225, 133968.92, 0.0, 0.0, 0.0 
7.568328950209744, -359.46, -0.20802083333333332, 129829.48, 0.0, 0.0, 0.0 
7.550922276654339, -362.36, -0.2096990740740741, 131810.72, 0.0, 0.0, 0.0 
7.533555637337174, -360.46, -0.20859953703703701, 130488.52, 0.0, 0.0, 0.0 
7.516228940182055, -361.1, -0.20896990740740742, 131120.6, 0.0, 0.0, 0.0 
7.498942093324558, -360.0, -0.20833333333333334, 130294.8, 0.0, 0.0, 0.0 
7.481695005111543, -358.74, -0.20760416666666667, 129256.84, 0.0, 0.0, 0.0 
7.464487584100665, -363.7, -0.21047453703703703, 132806.36, 0.0, 0.0, 0.0 
7.44731973905989, -364.58, -0.2109837962962963, 133361.88, 0.0, 0.0, 0.0 
7.430191378967014, -362.76, -0.20993055555555554, 132255.04, 0.0, 0.0, 0.0 
7.413102413009175, -362.84, -0.20997685185185183, 132354.32, 0.0, 0.0, 0.0 
7.396052750582378, -363.32, -0.21025462962962962, 132559.84, 0.0, 0.0, 0.0 
7.37904230129101, -366.24, -0.21194444444444446, 134735.6, 0.0, 0.0, 0.0 
7.362070974947361, -363.04, -0.2100925925925926, 132424.08, 0.0, 0.0, 0.0 
7.345138681571149, -362.8, -0.2099537037037037, 132146.4, 0.0, 0.0, 0.0 
7.3282453313890406, -361.26, -0.20906249999999998, 131075.56, 0.0, 0.0, 0.0 
7.311390834834174, -361.96, -0.2094675925925926, 131515.36, 0.0, 0.0, 0.0 
7.2945751025456875, -361.0, -0.20891203703703703, 130986.88, 0.0, 0.0, 0.0 
7.27779804536824, -368.12, -0.21303240740740742, 136206.72, 0.0, 0.0, 0.0 
7.261059574351547, -365.56, -0.21155092592592592, 134124.88, 0.0, 0.0, 0.0 
7.2443596007499, -357.8, -0.20706018518518518, 128773.04, 0.0, 0.0, 0.0 
7.227698036021702, -365.46, -0.21149305555555553, 134211.16, 0.0, 0.0, 0.0 
7.211074791828996, -369.34, -0.2137384259259259, 137170.92, 0.0, 0.0, 0.0 
7.194489780036996, -371.46, -0.21496527777777777, 138598.04, 0.0, 0.0, 0.0 
7.177942912713617, -366.78, -0.21225694444444443, 135305.0, 0.0, 0.0, 0.0 
7.161434102129021, -366.7, -0.21221064814814813, 135199.16, 0.0, 0.0, 0.0 
7.144963260755134, -371.38, -0.21491898148148147, 138607.64, 0.0, 0.0, 0.0 
7.1285303012651955, -366.26, -0.2119560185185185, 134793.72, 0.0, 0.0, 0.0 
7.112135136533291, -368.04, -0.21298611111111113, 136104.48, 0.0, 0.0, 0.0 
7.095777679633888, -363.56, -0.2103935185185185, 132800.4, 0.0, 0.0, 0.0 
7.079457843841379, -367.78, -0.21283564814814812, 135956.28, 0.0, 0.0, 0.0 
7.06317554262962, -371.78, -0.21515046296296295, 138801.56, 0.0, 0.0, 0.0 
7.046930689671469, -371.04, -0.21472222222222223, 138386.96, 0.0, 0.0, 0.0 
7.030723198838334, -372.14, -0.21535879629629628, 139250.12, 0.0, 0.0, 0.0 
7.014552984199712, -368.9, -0.2134837962962963, 136726.12, 0.0, 0.0, 0.0 
6.998419960022735, -367.2, -0.2125, 135424.16, 0.0, 0.0, 0.0 
6.982324040771713, -375.04, -0.21703703703703706, 141365.36, 0.0, 0.0, 0.0 
6.966265141107687, -374.32, -0.21662037037037038, 140645.12, 0.0, 0.0, 0.0 
6.950243175887968, -372.52, -0.2155787037037037, 139429.84, 0.0, 0.0, 0.0 
6.934258060165691, -369.12, -0.2136111111111111, 136889.28, 0.0, 0.0, 0.0 
6.918309709189366, -372.5, -0.21556712962962962, 139299.32, 0.0, 0.0, 0.0 
6.90239803840242, -371.64, -0.21506944444444442, 138766.88, 0.0, 0.0, 0.0 
6.8865229634427605, -370.86, -0.21461805555555558, 138131.96, 0.0, 0.0, 0.0 
6.870684400142322, -369.32, -0.21372685185185183, 137020.16, 0.0, 0.0, 0.0 
6.854882264526616, -365.48, -0.21150462962962965, 134177.36, 0.0, 0.0, 0.0 
6.839116472814293, -367.42, -0.2126273148148148, 135651.96, 0.0, 0.0, 0.0 
6.823386941416696, -368.58, -0.2132986111111111, 136607.24, 0.0, 0.0, 0.0 
6.807693586937415, -365.5, -0.2115162037037037, 134133.56, 0.0, 0.0, 0.0 
6.7920363261718455, -374.08, -0.21648148148148147, 140805.6, 0.0, 0.0, 0.0 
6.776415076106751, -369.58, -0.2138773148148148, 137329.48, 0.0, 0.0, 0.0 
6.760829753919818, -372.72, -0.21569444444444447, 139468.16, 0.0, 0.0, 0.0 
6.745280276979219, -371.2, -0.21481481481481482, 138330.08, 0.0, 0.0, 0.0 
6.729766562843178, -373.72, -0.21627314814814816, 140266.72, 0.0, 0.0, 0.0 
6.714288529259523, -372.26, -0.21542824074074074, 139209.08, 0.0, 0.0, 0.0 
6.698846094165264, -373.4, -0.21608796296296295, 139939.36, 0.0, 0.0, 0.0 
6.683439175686146, -372.96, -0.21583333333333332, 139823.2, 0.0, 0.0, 0.0 
6.668067692136221, -375.0, -0.2170138888888889, 141148.8, 0.0, 0.0, 0.0 
6.652731562017414, -373.74, -0.21628472222222223, 140313.24, 0.0, 0.0, 0.0 
6.6374307040190885, -375.66, -0.21739583333333334, 141717.32, 0.0, 0.0, 0.0 
6.62216503701762, -372.84, -0.21576388888888887, 139720.0, 0.0, 0.0, 0.0 
6.60693448007596, -372.96, -0.21583333333333332, 139863.36, 0.0, 0.0, 0.0 
6.5917389524432135, -377.36, -0.21837962962962965, 143001.76, 0.0, 0.0, 0.0 
6.576578373554205, -375.28, -0.2171759259259259, 141475.6, 0.0, 0.0, 0.0 
6.561452663029054, -376.34, -0.21778935185185183, 142075.48, 0.0, 0.0, 0.0 
6.546361740672749, -364.54, -0.21096064814814816, 133405.56, 0.0, 0.0, 0.0 
6.531305526474723, -376.32, -0.21777777777777776, 142265.6, 0.0, 0.0, 0.0 
6.516283940608427, -377.2, -0.21828703703703703, 143161.44, 0.0, 0.0, 0.0 
6.501296903430907, -377.3, -0.21834490740740742, 143037.0, 0.0, 0.0, 0.0 
6.486344335482384, -373.22, -0.2159837962962963, 139933.88, 0.0, 0.0, 0.0 
6.471426157485832, -369.18, -0.21364583333333334, 137156.2, 0.0, 0.0, 0.0 
6.4565422903465555, -379.06, -0.21936342592592592, 144218.52, 0.0, 0.0, 0.0 
6.441692655151773, -376.46, -0.2178587962962963, 142191.64, 0.0, 0.0, 0.0 
6.426877173170197, -374.7, -0.21684027777777778, 140837.56, 0.0, 0.0, 0.0 
6.412095765851617, -373.94, -0.21640046296296298, 140461.56, 0.0, 0.0, 0.0 
6.397348354826481, -380.52, -0.2202083333333333, 145344.72, 0.0, 0.0, 0.0 
6.382634861905487, -373.12, -0.21592592592592594, 139878.72, 0.0, 0.0, 0.0 
6.367955209079158, -375.44, -0.21726851851851853, 141758.8, 0.0, 0.0, 0.0 
6.353309318517438, -377.8, -0.21863425925925928, 143555.76, 0.0, 0.0, 0.0 
6.338697112569269, -381.5, -0.22077546296296297, 146128.92, 0.0, 0.0, 0.0 
6.324118513762195, -377.88, -0.21868055555555554, 143544.48, 0.0, 0.0, 0.0 
6.3095734448019325, -379.92, -0.21986111111111112, 145091.84, 0.0, 0.0, 0.0 
6.295061828571975, -379.26, -0.21947916666666667, 144458.28, 0.0, 0.0, 0.0 
6.2805835881331795, -380.4, -0.22013888888888888, 145410.56, 0.0, 0.0, 0.0 
6.266138646723354, -378.82, -0.21922453703703704, 144223.96, 0.0, 0.0, 0.0 
6.251726927756859, -384.44, -0.22247685185185184, 148340.16, 0.0, 0.0, 0.0 
6.237348354824192, -374.4, -0.21666666666666665, 140802.32, 0.0, 0.0, 0.0 
6.223002851691595, -379.54, -0.2196412037037037, 144663.0, 0.0, 0.0, 0.0 
6.208690342300636, -383.5, -0.22193287037037038, 147599.24, 0.0, 0.0, 0.0 
6.1944107507678146, -380.84, -0.22039351851851852, 145669.12, 0.0, 0.0, 0.0 
6.180164001384158, -380.8, -0.22037037037037038, 145672.88, 0.0, 0.0, 0.0 
6.165950018614822, -378.84, -0.2192361111111111, 144141.12, 0.0, 0.0, 0.0 
6.151768727098682, -379.58, -0.21966435185185185, 144725.08, 0.0, 0.0, 0.0 
6.137620051647942, -375.44, -0.21726851851851853, 141648.32, 0.0, 0.0, 0.0 
6.123503917247735, -384.02, -0.22223379629629628, 148251.64, 0.0, 0.0, 0.0 
6.10942024905572, -384.98, -0.22278935185185186, 148727.16, 0.0, 0.0, 0.0 
6.095368972401691, -382.36, -0.22127314814814816, 146848.72, 0.0, 0.0, 0.0 
6.081350012787179, -379.48, -0.21960648148148149, 144656.64, 0.0, 0.0, 0.0 
6.0673632958850545, -384.64, -0.2225925925925926, 148545.84, 0.0, 0.0, 0.0 
6.0534087475391365, -379.72, -0.2197453703703704, 144763.52, 0.0, 0.0, 0.0 
6.039486293763798, -385.26, -0.22295138888888888, 149047.48, 0.0, 0.0, 0.0 
6.025595860743578, -383.48, -0.2219212962962963, 147680.48, 0.0, 0.0, 0.0 
6.011737374832781, -388.7, -0.22494212962962962, 151754.28, 0.0, 0.0, 0.0 
5.997910762555094, -388.48, -0.22481481481481483, 151689.12, 0.0, 0.0, 0.0 
5.984115950603197, -385.82, -0.22327546296296297, 149482.92, 0.0, 0.0, 0.0 
5.970352865838368, -384.2, -0.22233796296296296, 148180.4, 0.0, 0.0, 0.0 
5.956621435290105, -385.66, -0.22318287037037038, 149434.36, 0.0, 0.0, 0.0 
5.942921586155726, -380.62, -0.2202662037037037, 145378.04, 0.0, 0.0, 0.0 
5.929253245799998, -388.16, -0.22462962962962965, 151331.44, 0.0, 0.0, 0.0 
5.915616341754739, -387.4, -0.22418981481481481, 150815.04, 0.0, 0.0, 0.0 
5.9020108017184425, -387.88, -0.22446759259259258, 151096.48, 0.0, 0.0, 0.0 
5.88843655355589, -386.8, -0.2238425925925926, 150392.64, 0.0, 0.0, 0.0 
5.874893525297767, -385.58, -0.22313657407407406, 149343.64, 0.0, 0.0, 0.0 
5.861381645140288, -384.84, -0.2227083333333333, 148900.96, 0.0, 0.0, 0.0 
5.847900841444807, -384.06, -0.22225694444444444, 148142.68, 0.0, 0.0, 0.0 
5.834451042737447, -384.76, -0.22266203703703702, 148580.48, 0.0, 0.0, 0.0 
5.821032177708715, -387.58, -0.22429398148148147, 151000.28, 0.0, 0.0, 0.0 
5.807644175213121, -385.98, -0.22336805555555556, 149681.4, 0.0, 0.0, 0.0 
5.794286964268811, -392.04, -0.22687500000000002, 154251.92, 0.0, 0.0, 0.0 
5.7809604740571805, -380.7, -0.2203125, 145569.0, 0.0, 0.0, 0.0 
5.767664633922508, -391.86, -0.22677083333333334, 154124.28, 0.0, 0.0, 0.0 
5.7543993733715695, -389.86, -0.22561342592592593, 152526.12, 0.0, 0.0, 0.0 
5.741164622073276, -388.1, -0.22459490740740742, 151304.6, 0.0, 0.0, 0.0 
5.727960309858292, -387.52, -0.22425925925925924, 150768.96, 0.0, 0.0, 0.0 
5.714786366718671, -385.18, -0.22290509259259259, 149146.68, 0.0, 0.0, 0.0 
5.701642722807475, -382.1, -0.22112268518518519, 146574.84, 0.0, 0.0, 0.0 
5.688529308438415, -388.04, -0.2245601851851852, 151176.72, 0.0, 0.0, 0.0 
5.675446054085471, -387.12, -0.22402777777777777, 150538.72, 0.0, 0.0, 0.0 
5.662392890382533, -389.5, -0.2254050925925926, 152507.24, 0.0, 0.0, 0.0 
5.649369748123025, -386.26, -0.2235300925925926, 149861.56, 0.0, 0.0, 0.0 
5.636376558259545, -386.74, -0.22380787037037037, 150122.2, 0.0, 0.0, 0.0 
5.623413251903491, -390.46, -0.22596064814814815, 152994.92, 0.0, 0.0, 0.0 
5.610479760324704, -389.92, -0.22564814814814815, 152666.64, 0.0, 0.0, 0.0 
5.597576014951102, -393.12, -0.2275, 155504.96, 0.0, 0.0, 0.0 
5.584701947368308, -392.06, -0.2268865740740741, 154486.2, 0.0, 0.0, 0.0 
5.5718574893192985, -392.82, -0.2273263888888889, 154898.6, 0.0, 0.0, 0.0 
5.559042572704036, -389.86, -0.22561342592592593, 152609.32, 0.0, 0.0, 0.0 
5.546257129579107, -390.34, -0.2258912037037037, 152811.72, 0.0, 0.0, 0.0 
5.533501092157367, -388.72, -0.2249537037037037, 151795.44, 0.0, 0.0, 0.0 
5.520774392807573, -395.6, -0.22893518518518519, 157239.52, 0.0, 0.0, 0.0 
5.508076964054034, -394.02, -0.2280208333333333, 156079.8, 0.0, 0.0, 0.0 
5.495408738576245, -391.68, -0.22666666666666668, 154127.28, 0.0, 0.0, 0.0 
5.482769649208538, -394.02, -0.2280208333333333, 156024.76, 0.0, 0.0, 0.0 
5.470159628939716, -395.7, -0.22899305555555555, 157358.2, 0.0, 0.0, 0.0 
5.457578610912709, -395.46, -0.22885416666666666, 157198.04, 0.0, 0.0, 0.0 
5.445026528424211, -391.48, -0.22655092592592593, 153911.28, 0.0, 0.0, 0.0 
5.432503314924332, -395.5, -0.22887731481481483, 157210.6, 0.0, 0.0, 0.0 
5.420008904016238, -395.82, -0.2290625, 157265.72, 0.0, 0.0, 0.0 
5.407543229455808, -391.96, -0.2268287037037037, 154318.48, 0.0, 0.0, 0.0 
5.395106225151276, -400.32, -0.23166666666666666, 160781.36, 0.0, 0.0, 0.0 
5.382697825162883, -394.52, -0.22831018518518517, 156120.48, 0.0, 0.0, 0.0 
5.370317963702527, -396.84, -0.22965277777777776, 158033.92, 0.0, 0.0, 0.0 
5.357966575133416, -398.72, -0.23074074074074075, 159824.0, 0.0, 0.0, 0.0 
5.345643593969717, -402.9, -0.2331597222222222, 162997.24, 0.0, 0.0, 0.0 
5.333348954876209, -398.62, -0.23068287037037039, 159594.12, 0.0, 0.0, 0.0 
5.321082592667942, -397.2, -0.2298611111111111, 158469.44, 0.0, 0.0, 0.0 
5.3088444423098835, -399.74, -0.23133101851851853, 160518.12, 0.0, 0.0, 0.0 
5.296634438916578, -402.2, -0.23275462962962962, 162279.12, 0.0, 0.0, 0.0 
5.284452517751804, -404.22, -0.23392361111111112, 163971.24, 0.0, 0.0, 0.0 
5.272298614228227, -397.72, -0.23016203703703705, 158776.4, 0.0, 0.0, 0.0 
5.260172663907062, -396.44, -0.2294212962962963, 157885.76, 0.0, 0.0, 0.0 
5.248074602497725, -398.88, -0.23083333333333333, 159768.72, 0.0, 0.0, 0.0 
5.236004365857502, -403.2, -0.23333333333333334, 163371.92, 0.0, 0.0, 0.0 
5.223961889991199, -400.98, -0.2320486111111111, 161460.6, 0.0, 0.0, 0.0 
5.211947111050805, -399.46, -0.23116898148148146, 160221.8, 0.0, 0.0, 0.0 
5.19995996533516, -399.72, -0.23131944444444447, 160664.48, 0.0, 0.0, 0.0 
5.188000389289612, -402.52, -0.2329398148148148, 162809.2, 0.0, 0.0, 0.0 
5.176068319505677, -402.68, -0.2330324074074074, 162878.24, 0.0, 0.0, 0.0 
5.16416369272071, -398.28, -0.23048611111111109, 159257.92, 0.0, 0.0, 0.0 
5.152286445817565, -403.06, -0.23325231481481482, 162973.64, 0.0, 0.0, 0.0 
5.140436515824262, -403.92, -0.23375, 163784.72, 0.0, 0.0, 0.0 
5.128613839913649, -404.14, -0.2338773148148148, 164006.44, 0.0, 0.0, 0.0 
5.116818355403078, -406.14, -0.23503472222222221, 165666.84, 0.0, 0.0, 0.0 
5.105049999754064, -404.58, -0.23413194444444443, 164304.52, 0.0, 0.0, 0.0 
5.093308710571955, -407.6, -0.23587962962962963, 166769.44, 0.0, 0.0, 0.0 
5.081594425605606, -410.58, -0.23760416666666664, 169164.68, 0.0, 0.0, 0.0 
5.069907082747044, -405.32, -0.23456018518518518, 164953.52, 0.0, 0.0, 0.0 
5.058246620031141, -403.46, -0.2334837962962963, 163423.64, 0.0, 0.0, 0.0 
5.046612975635284, -407.24, -0.2356712962962963, 166603.92, 0.0, 0.0, 0.0 
5.035006087879048, -409.24, -0.2368287037037037, 168165.44, 0.0, 0.0, 0.0 
5.023425895223871, -403.72, -0.23363425925925926, 163745.44, 0.0, 0.0, 0.0 
5.011872336272724, -406.66, -0.23533564814814817, 165967.88, 0.0, 0.0, 0.0 
5.000345349769785, -411.24, -0.23798611111111112, 169956.48, 0.0, 0.0, 0.0 
4.988844874600122, -406.84, -0.2354398148148148, 166162.72, 0.0, 0.0, 0.0 
4.977370849789359, -407.02, -0.23554398148148148, 166367.32, 0.0, 0.0, 0.0 
4.965923214503361, -403.7, -0.23362268518518517, 163676.2, 0.0, 0.0, 0.0 
4.954501908047902, -406.58, -0.23528935185185185, 165986.68, 0.0, 0.0, 0.0 
4.9431068698683545, -411.02, -0.23785879629629628, 169525.32, 0.0, 0.0, 0.0 
4.931738039549359, -414.14, -0.23966435185185184, 172421.72, 0.0, 0.0, 0.0 
4.92039535681451, -409.94, -0.2372337962962963, 168900.76, 0.0, 0.0, 0.0 
4.909078761526031, -411.06, -0.23788194444444444, 169662.84, 0.0, 0.0, 0.0 
4.897788193684462, -414.58, -0.23991898148148147, 172515.8, 0.0, 0.0, 0.0 
4.886523593428336, -413.36, -0.23921296296296296, 171642.88, 0.0, 0.0, 0.0 
4.875284901033863, -417.66, -0.2417013888888889, 175049.96, 0.0, 0.0, 0.0 
4.864072056914616, -404.08, -0.23384259259259257, 163947.28, 0.0, 0.0, 0.0 
4.85288500162121, -406.44, -0.23520833333333332, 165952.24, 0.0, 0.0, 0.0 
4.841723675840994, -410.82, -0.23774305555555555, 169390.6, 0.0, 0.0, 0.0 
4.830588020397727, -410.34, -0.23746527777777776, 168955.72, 0.0, 0.0, 0.0 
4.819477976251274, -416.0, -0.24074074074074073, 173739.68, 0.0, 0.0, 0.0 
4.8083934844972855, -407.62, -0.2358912037037037, 166882.92, 0.0, 0.0, 0.0 
4.797334486366892, -412.1, -0.23848379629629632, 170556.12, 0.0, 0.0, 0.0 
4.786300923226384, -412.72, -0.2388425925925926, 171114.48, 0.0, 0.0, 0.0 
4.775292736576909, -410.9, -0.23778935185185185, 169479.56, 0.0, 0.0, 0.0 
4.7643098680541565, -413.76, -0.23944444444444443, 171936.4, 0.0, 0.0, 0.0 
4.753352259428053, -415.8, -0.240625, 173613.68, 0.0, 0.0, 0.0 
4.742419852602446, -417.88, -0.2418287037037037, 175222.16, 0.0, 0.0, 0.0 
4.7315125896148045, -415.82, -0.24063657407407407, 173626.92, 0.0, 0.0, 0.0 
4.720630412635905, -409.76, -0.23712962962962963, 168550.8, 0.0, 0.0, 0.0 
4.709773263969529, -417.34, -0.2415162037037037, 174879.32, 0.0, 0.0, 0.0 
4.698941086052154, -415.68, -0.24055555555555555, 173674.64, 0.0, 0.0, 0.0 
4.688133821452652, -416.34, -0.2409375, 174085.64, 0.0, 0.0, 0.0 
4.677351412871982, -418.78, -0.24234953703703702, 176108.76, 0.0, 0.0, 0.0 
4.666593803142886, -419.42, -0.24271990740740743, 176554.44, 0.0, 0.0, 0.0 
4.655860935229589, -414.6, -0.23993055555555556, 172514.8, 0.0, 0.0, 0.0 
4.645152752227494, -414.06, -0.23961805555555557, 172186.04, 0.0, 0.0, 0.0 
4.63446919736288, -419.28, -0.24263888888888888, 176359.6, 0.0, 0.0, 0.0 
4.623810213992603, -410.28, -0.23743055555555553, 168942.64, 0.0, 0.0, 0.0 
4.613175745603794, -416.12, -0.24081018518518518, 174131.84, 0.0, 0.0, 0.0 
4.6025657358135605, -419.98, -0.24304398148148149, 176971.56, 0.0, 0.0, 0.0 
4.591980128368686, -421.82, -0.24410879629629628, 178577.8, 0.0, 0.0, 0.0 
4.581418867145334, -417.94, -0.2418634259259259, 175434.6, 0.0, 0.0, 0.0 
4.57088189614875, -414.9, -0.24010416666666665, 172920.04, 0.0, 0.0, 0.0 
4.560369159512962, -415.96, -0.2407175925925926, 173888.96, 0.0, 0.0, 0.0 
4.549880601500486, -413.98, -0.23957175925925928, 172143.32, 0.0, 0.0, 0.0 
4.539416166502032, -419.04, -0.24250000000000002, 176520.96, 0.0, 0.0, 0.0 
4.528975799036208, -418.38, -0.24211805555555554, 175684.6, 0.0, 0.0, 0.0 
4.518559443749224, -410.18, -0.2373726851851852, 169036.6, 0.0, 0.0, 0.0 
4.508167045414602, -421.08, -0.24368055555555554, 178003.6, 0.0, 0.0, 0.0 
4.49779854893288, -431.78, -0.24987268518518516, 187073.0, 0.0, 0.0, 0.0 
4.487453899331322, -424.72, -0.24578703703703705, 180988.16, 0.0, 0.0, 0.0 
4.477133041763626, -421.42, -0.2438773148148148, 178103.16, 0.0, 0.0, 0.0 
4.466835921509632, -420.94, -0.24359953703703704, 177834.36, 0.0, 0.0, 0.0 
4.456562483975032, -426.04, -0.24655092592592595, 182172.56, 0.0, 0.0, 0.0 
4.446312674691088, -428.02, -0.24769675925925924, 184161.32, 0.0, 0.0, 0.0 
4.436086439314326, -424.8, -0.24583333333333335, 181363.44, 0.0, 0.0, 0.0 
4.425883723626266, -426.74, -0.24695601851851853, 182750.44, 0.0, 0.0, 0.0 
4.4157044735331255, -425.86, -0.24644675925925927, 182075.48, 0.0, 0.0, 0.0 
4.405548635065533, -427.6, -0.2474537037037037, 183754.4, 0.0, 0.0, 0.0 
4.395416154378245, -430.5, -0.24913194444444445, 186005.0, 0.0, 0.0, 0.0 
4.385306977749857, -417.04, -0.2413425925925926, 174704.4, 0.0, 0.0, 0.0 
4.375221051582521, -425.3, -0.24612268518518518, 181480.04, 0.0, 0.0, 0.0 
4.36515832240166, -428.7, -0.24809027777777778, 184557.88, 0.0, 0.0, 0.0 
4.355118736855686, -424.7, -0.24577546296296296, 181050.2, 0.0, 0.0, 0.0 
4.345102241715716, -426.26, -0.24667824074074074, 182451.32, 0.0, 0.0, 0.0 
4.335108783875289, -425.72, -0.24636574074074075, 181859.2, 0.0, 0.0, 0.0 
4.325138310350088, -430.88, -0.24935185185185185, 186366.08, 0.0, 0.0, 0.0 
4.3151907682776525, -428.22, -0.24781250000000002, 184333.48, 0.0, 0.0, 0.0 
4.305266104917107, -434.12, -0.25122685185185184, 189342.0, 0.0, 0.0, 0.0 
4.295364267648873, -431.88, -0.24993055555555554, 187222.56, 0.0, 0.0, 0.0 
4.285485203974395, -427.64, -0.24747685185185184, 183517.44, 0.0, 0.0, 0.0 
4.275628861515862, -425.14, -0.2460300925925926, 181591.0, 0.0, 0.0, 0.0 
4.265795188015927, -432.08, -0.25004629629629627, 187441.28, 0.0, 0.0, 0.0 
4.2559841313374305, -429.48, -0.2485416666666667, 185113.36, 0.0, 0.0, 0.0 
4.246195639463129, -431.04, -0.24944444444444447, 186592.16, 0.0, 0.0, 0.0 
4.2364296604954115, -435.1, -0.2517939814814815, 190044.6, 0.0, 0.0, 0.0 
4.22668614265603, -433.8, -0.25104166666666666, 188907.44, 0.0, 0.0, 0.0 
4.216965034285823, -434.52, -0.25145833333333334, 189445.28, 0.0, 0.0, 0.0 
4.207266283844441, -434.06, -0.2511921296296296, 189048.2, 0.0, 0.0, 0.0 
4.1975898399100755, -427.72, -0.24752314814814816, 183555.44, 0.0, 0.0, 0.0 
4.187935651179184, -434.92, -0.25168981481481484, 189914.72, 0.0, 0.0, 0.0 
4.178303666466218, -437.92, -0.25342592592592594, 192636.24, 0.0, 0.0, 0.0 
4.168693834703355, -430.78, -0.24929398148148146, 186177.16, 0.0, 0.0, 0.0 
4.1591061049402205, -433.2, -0.25069444444444444, 188464.4, 0.0, 0.0, 0.0 
4.14954042634363, -438.56, -0.2537962962962963, 193258.8, 0.0, 0.0, 0.0 
4.139996748197304, -438.06, -0.25350694444444444, 192675.24, 0.0, 0.0, 0.0 
4.130475019901613, -432.0, -0.25, 187218.08, 0.0, 0.0, 0.0 
4.120975190973303, -436.56, -0.2526388888888889, 191594.64, 0.0, 0.0, 0.0 
4.111497211045222, -443.16, -0.25645833333333334, 197129.68, 0.0, 0.0, 0.0 
4.1020410298660686, -441.04, -0.2552314814814815, 195396.8, 0.0, 0.0, 0.0 
4.092606597300109, -441.06, -0.25524305555555554, 195399.16, 0.0, 0.0, 0.0 
4.083193863326921, -444.0, -0.2569444444444444, 197794.08, 0.0, 0.0, 0.0 
4.073802778041127, -435.94, -0.2522800925925926, 190761.88, 0.0, 0.0, 0.0 
4.0644332916521275, -440.04, -0.2546527777777778, 194248.24, 0.0, 0.0, 0.0 
4.055085354483838, -440.46, -0.2548958333333333, 194786.36, 0.0, 0.0, 0.0 
4.045758916974426, -445.36, -0.2577314814814815, 199309.92, 0.0, 0.0, 0.0 
4.03645392967605, -446.86, -0.25859953703703703, 200412.6, 0.0, 0.0, 0.0 
4.027170343254591, -448.4, -0.25949074074074074, 201782.96, 0.0, 0.0, 0.0 
4.017908108489399, -437.3, -0.25306712962962963, 191939.0, 0.0, 0.0, 0.0 
4.008667176273028, -444.82, -0.25741898148148146, 198635.72, 0.0, 0.0, 0.0 
3.9994474976109746, -441.84, -0.25569444444444445, 195916.48, 0.0, 0.0, 0.0 
3.9902490236214208, -448.1, -0.25931712962962966, 201440.6, 0.0, 0.0, 0.0 
3.9810717055349727, -443.46, -0.2566319444444444, 197423.08, 0.0, 0.0, 0.0 
3.971915494694403, -441.98, -0.255775462962963, 195971.8, 0.0, 0.0, 0.0 
3.9627803425543946, -439.9, -0.25457175925925923, 194427.0, 0.0, 0.0, 0.0 
3.953666200681279, -442.14, -0.25586805555555553, 196415.8, 0.0, 0.0, 0.0 
3.944573020752784, -446.94, -0.25864583333333335, 200418.68, 0.0, 0.0, 0.0 
3.9355007545577747, -443.82, -0.2568402777777778, 197604.68, 0.0, 0.0, 0.0 
3.926449353995998, -442.78, -0.2562384259259259, 196754.52, 0.0, 0.0, 0.0 
3.9174187710778314, -443.76, -0.25680555555555556, 197589.68, 0.0, 0.0, 0.0 
3.9084089579240207, -454.0, -0.26273148148148145, 207041.12, 0.0, 0.0, 0.0 
3.8994198667654345, -446.98, -0.2586689814814815, 200423.24, 0.0, 0.0, 0.0 
3.8904514499428062, -448.02, -0.25927083333333334, 201505.56, 0.0, 0.0, 0.0 
3.8815036599064827, -451.6, -0.2613425925925926, 204799.92, 0.0, 0.0, 0.0 
3.8725764492161723, -452.18, -0.26167824074074075, 205310.68, 0.0, 0.0, 0.0 
3.863669770540692, -451.84, -0.2614814814814815, 204918.56, 0.0, 0.0, 0.0 
3.8547835766577183, -448.14, -0.2593402777777778, 201749.88, 0.0, 0.0, 0.0 
3.8459178204535363, -449.62, -0.2601967592592593, 202925.32, 0.0, 0.0, 0.0 
3.837072454922788, -449.96, -0.2603935185185185, 203128.96, 0.0, 0.0, 0.0 
3.828247433168227, -456.62, -0.2642476851851852, 209647.72, 0.0, 0.0, 0.0 
3.819442708400466, -460.9, -0.266724537037037, 213263.72, 0.0, 0.0, 0.0 
3.8106582339377306, -450.68, -0.2608101851851852, 203827.36, 0.0, 0.0, 0.0 
3.801893963205612, -451.86, -0.2614930555555556, 205018.68, 0.0, 0.0, 0.0 
3.7931498497368192, -459.62, -0.2659837962962963, 211927.88, 0.0, 0.0, 0.0 
3.784425847170933, -453.5, -0.26244212962962965, 206470.04, 0.0, 0.0, 0.0 
3.7757219092541607, -449.04, -0.2598611111111111, 202451.52, 0.0, 0.0, 0.0 
3.7670379898390887, -458.02, -0.2650578703703704, 210857.4, 0.0, 0.0, 0.0 
3.758374042884442, -454.06, -0.2627662037037037, 206879.96, 0.0, 0.0, 0.0 
3.7497300224548353, -451.76, -0.26143518518518516, 204751.52, 0.0, 0.0, 0.0 
3.7411058827205332, -460.64, -0.2665740740740741, 212900.4, 0.0, 0.0, 0.0 
3.7325015779572057, -457.64, -0.26483796296296297, 210259.12, 0.0, 0.0, 0.0 
3.723917062545685, -459.78, -0.26607638888888885, 212170.2, 0.0, 0.0, 0.0 
3.7153522909717256, -462.42, -0.2676041666666667, 214476.36, 0.0, 0.0, 0.0 
3.7068072178257605, -459.78, -0.26607638888888885, 212103.88, 0.0, 0.0, 0.0 
3.6982817978026623, -456.74, -0.2643171296296296, 209163.08, 0.0, 0.0, 0.0 
3.6897759857015036, -459.72, -0.2660416666666667, 212228.88, 0.0, 0.0, 0.0 
3.6812897364253145, -463.94, -0.2684837962962963, 216114.68, 0.0, 0.0, 0.0 
3.672823004980847, -460.64, -0.2665740740740741, 213003.36, 0.0, 0.0, 0.0 
3.6643757464783326, -459.32, -0.2658101851851852, 211592.96, 0.0, 0.0, 0.0 
3.6559479161312494, -462.82, -0.26783564814814814, 214921.88, 0.0, 0.0, 0.0 
3.647539469256078, -459.88, -0.26613425925925926, 212226.0, 0.0, 0.0, 0.0 
3.639150361272071, -463.26, -0.2680902777777778, 215317.64, 0.0, 0.0, 0.0 
3.6307805477010135, -463.62, -0.26829861111111114, 215926.84, 0.0, 0.0, 0.0 
3.622429984166986, -473.68, -0.27412037037037035, 225250.08, 0.0, 0.0, 0.0 
3.6140986263961326, -465.66, -0.26947916666666666, 217649.4, 0.0, 0.0, 0.0 
3.605786430216424, -467.46, -0.2705208333333333, 219404.04, 0.0, 0.0, 0.0 
3.5974933515574232, -462.9, -0.2678819444444444, 215084.84, 0.0, 0.0, 0.0 
3.589219346450052, -466.98, -0.27024305555555556, 218866.76, 0.0, 0.0, 0.0 
3.58096437102636, -466.44, -0.26993055555555556, 218438.96, 0.0, 0.0, 0.0 
3.5727283815192887, -471.88, -0.2730787037037037, 223327.36, 0.0, 0.0, 0.0 
3.564511334262442, -470.12, -0.2720601851851852, 222023.84, 0.0, 0.0, 0.0 
3.556313185689853, -464.6, -0.26886574074074077, 216673.04, 0.0, 0.0, 0.0 
3.5481338923357546, -464.16, -0.26861111111111113, 215990.4, 0.0, 0.0, 0.0 
3.539973410834347, -476.6, -0.2758101851851852, 227987.76, 0.0, 0.0, 0.0 
3.5318316979195696, -462.96, -0.26791666666666664, 215315.92, 0.0, 0.0, 0.0 
3.5237087104248714, -466.3, -0.26984953703703707, 218156.84, 0.0, 0.0, 0.0 
3.515604405282981, -476.6, -0.2758101851851852, 228033.92, 0.0, 0.0, 0.0 
3.50751873952568, -468.74, -0.2712615740740741, 220477.8, 0.0, 0.0, 0.0 
3.4994516702835727, -471.84, -0.27305555555555555, 223499.44, 0.0, 0.0, 0.0 
3.4914031547858615, -465.98, -0.26966435185185184, 217966.2, 0.0, 0.0, 0.0 
3.483373150360118, -473.16, -0.27381944444444445, 224820.4, 0.0, 0.0, 0.0 
3.475361614432058, -477.36, -0.27625, 228952.32, 0.0, 0.0, 0.0 
3.467368504525316, -474.24, -0.27444444444444444, 225669.12, 0.0, 0.0, 0.0 
3.4593937782612194, -478.76, -0.27706018518518516, 230070.32, 0.0, 0.0, 0.0 
3.4514373933585625, -481.96, -0.27891203703703704, 233053.92, 0.0, 0.0, 0.0 
3.4434993076333846, -478.82, -0.2770949074074074, 230345.4, 0.0, 0.0, 0.0 
3.435579478998746, -469.8, -0.27187500000000003, 221212.8, 0.0, 0.0, 0.0 
3.4276778654645037, -481.06, -0.2783912037037037, 232125.16, 0.0, 0.0, 0.0 
3.419794425137088, -477.2, -0.2761574074074074, 228578.72, 0.0, 0.0, 0.0 
3.411929116219285, -481.9, -0.2788773148148148, 232853.72, 0.0, 0.0, 0.0 
3.404081897010009, -479.1, -0.27725694444444443, 230591.8, 0.0, 0.0, 0.0 
3.396252725904084, -481.8, -0.27881944444444445, 232937.44, 0.0, 0.0, 0.0 
3.388441561392026, -473.18, -0.27383101851851854, 224522.12, 0.0, 0.0, 0.0 
3.3806483620598167, -484.76, -0.2805324074074074, 235840.8, 0.0, 0.0, 0.0 
3.3728730865886893, -475.0, -0.27488425925925924, 226600.64, 0.0, 0.0, 0.0 
3.3651156937549076, -484.32, -0.2802777777777778, 235540.8, 0.0, 0.0, 0.0 
3.3573761424295467, -476.92, -0.27599537037037036, 228294.08, 0.0, 0.0, 0.0 
3.3496543915782766, -484.5, -0.2803819444444444, 235506.12, 0.0, 0.0, 0.0 
3.3419504002611427, -487.06, -0.28186342592592595, 238063.08, 0.0, 0.0, 0.0 
3.3342641276323497, -481.3, -0.2785300925925926, 232397.64, 0.0, 0.0, 0.0 
3.326595532940045, -490.04, -0.28358796296296296, 241214.56, 0.0, 0.0, 0.0 
3.3189445755261042, -480.9, -0.2782986111111111, 232242.6, 0.0, 0.0, 0.0 
3.311311214825911, -483.98, -0.2800810185185185, 235090.12, 0.0, 0.0, 0.0 
3.303695410368148, -486.98, -0.2818171296296296, 238106.36, 0.0, 0.0, 0.0 
3.2960971217745776, -491.46, -0.2844097222222222, 242308.28, 0.0, 0.0, 0.0 
3.2885163087598306, -488.08, -0.2824537037037037, 239013.68, 0.0, 0.0, 0.0 
3.28095293113119, -483.6, -0.2798611111111111, 234577.44, 0.0, 0.0, 0.0 
3.273406948788382, -484.0, -0.2800925925925926, 235011.36, 0.0, 0.0, 0.0 
3.2658783217233585, -491.78, -0.2845949074074074, 242752.2, 0.0, 0.0, 0.0 
3.2583670100200877, -485.98, -0.28123842592592596, 236947.08, 0.0, 0.0, 0.0 
3.250872973854344, -488.7, -0.28281249999999997, 239919.16, 0.0, 0.0, 0.0 
3.243396173493492, -487.92, -0.2823611111111111, 238936.8, 0.0, 0.0, 0.0 
3.2359365692962827, -500.66, -0.2897337962962963, 251576.2, 0.0, 0.0, 0.0 
3.2284941217126355, -496.1, -0.2870949074074074, 246776.84, 0.0, 0.0, 0.0 
3.2210687912834346, -483.6, -0.2798611111111111, 234869.92, 0.0, 0.0, 0.0 
3.213660538640317, -493.5, -0.2855902777777778, 244419.4, 0.0, 0.0, 0.0 
3.206269324505466, -492.68, -0.28511574074074075, 243922.24, 0.0, 0.0, 0.0 
3.198895109691398, -493.1, -0.2853587962962963, 244075.0, 0.0, 0.0, 0.0 
3.1915378551007616, -497.08, -0.287662037037037, 247989.28, 0.0, 0.0, 0.0 
3.1841975217261247, -497.18, -0.28771990740740744, 248202.36, 0.0, 0.0, 0.0 
3.1768740706497707, -487.92, -0.2823611111111111, 239053.84, 0.0, 0.0, 0.0 
3.1695674630434914, -494.32, -0.2860648148148148, 245169.76, 0.0, 0.0, 0.0 
3.1622776601683795, -489.62, -0.2833449074074074, 240711.48, 0.0, 0.0, 0.0 
3.1550046233746265, -502.62, -0.29086805555555556, 253678.84, 0.0, 0.0, 0.0 
3.1477483141013156, -510.38, -0.2953587962962963, 261348.44, 0.0, 0.0, 0.0 
3.1405086938762174, -503.54, -0.29140046296296296, 254407.8, 0.0, 0.0, 0.0 
3.133285724315586, -503.42, -0.2913310185185185, 254317.16, 0.0, 0.0, 0.0 
3.126079367123955, -505.1, -0.29230324074074077, 256147.4, 0.0, 0.0, 0.0 
3.118889584093937, -511.62, -0.2960763888888889, 262628.12, 0.0, 0.0, 0.0 
3.1117163371060172, -504.22, -0.2917939814814815, 255039.4, 0.0, 0.0, 0.0 
3.1045595881283554, -507.12, -0.29347222222222225, 258093.84, 0.0, 0.0, 0.0 
3.0974192992165808, -508.8, -0.29444444444444445, 259600.24, 0.0, 0.0, 0.0 
3.0902954325135905, -505.58, -0.29258101851851853, 256553.8, 0.0, 0.0, 0.0 
3.0831879502493544, -512.92, -0.2968287037037037, 263997.2, 0.0, 0.0, 0.0 
3.076096814740708, -504.0, -0.2916666666666667, 255093.92, 0.0, 0.0, 0.0 
3.0690219883911576, -508.28, -0.2941435185185185, 259074.0, 0.0, 0.0, 0.0 
3.061963433690677, -509.8, -0.2950231481481482, 260662.56, 0.0, 0.0, 0.0 
3.0549211132155127, -501.74, -0.2903587962962963, 252714.36, 0.0, 0.0, 0.0 
3.0478949896279834, -504.86, -0.29216435185185186, 256076.68, 0.0, 0.0, 0.0 
3.040885025676279, -510.4, -0.29537037037037034, 261581.6, 0.0, 0.0, 0.0 
3.0338911841942706, -505.48, -0.29252314814814817, 256613.52, 0.0, 0.0, 0.0 
3.0269134281013055, -508.1, -0.29403935185185187, 258958.36, 0.0, 0.0, 0.0 
3.019951720402016, -515.74, -0.29846064814814816, 267354.84, 0.0, 0.0, 0.0 
3.0130060241861214, -507.46, -0.29366898148148146, 258380.68, 0.0, 0.0, 0.0 
3.0060763026282307, -513.34, -0.29707175925925927, 264238.92, 0.0, 0.0, 0.0 
2.9991625189876507, -514.88, -0.297962962962963, 266027.68, 0.0, 0.0, 0.0 
2.992264636608189, -516.86, -0.29910879629629633, 268209.48, 0.0, 0.0, 0.0 
2.9853826189179595, -518.32, -0.2999537037037037, 269445.12, 0.0, 0.0, 0.0 
2.9785164294291895, -517.68, -0.2995833333333333, 269077.84, 0.0, 0.0, 0.0 
2.9716660317380263, -513.44, -0.2971296296296297, 264550.96, 0.0, 0.0, 0.0 
2.9648313895243423, -519.84, -0.30083333333333334, 270951.04, 0.0, 0.0, 0.0 
2.9580124665515455, -522.4, -0.3023148148148148, 273652.16, 0.0, 0.0, 0.0 
2.9512092266663856, -517.26, -0.2993402777777778, 268492.52, 0.0, 0.0, 0.0 
2.944421633798761, -525.2, -0.3039351851851852, 276782.64, 0.0, 0.0, 0.0 
2.937649651961531, -524.9, -0.30376157407407406, 276348.6, 0.0, 0.0, 0.0 
2.9308932452503207, -523.72, -0.3030787037037037, 275165.92, 0.0, 0.0, 0.0 
2.9241523778433356, -521.76, -0.30194444444444446, 273331.52, 0.0, 0.0, 0.0 
2.9174270140011664, -536.98, -0.3107523148148148, 289280.36, 0.0, 0.0, 0.0 
2.9107171180666054, -523.3, -0.3028356481481481, 274753.56, 0.0, 0.0, 0.0 
2.9040226544644505, -524.04, -0.3032638888888889, 275396.96, 0.0, 0.0, 0.0 
2.8973435877013234, -520.12, -0.3009953703703704, 271553.2, 0.0, 0.0, 0.0 
2.8906798823654754, -523.6, -0.30300925925925926, 275243.68, 0.0, 0.0, 0.0 
2.8840315031266055, -518.82, -0.3002430555555556, 269882.6, 0.0, 0.0, 0.0 
2.8773984147356693, -524.76, -0.30368055555555556, 276436.16, 0.0, 0.0, 0.0 
2.8707805820246906, -533.0, -0.30844907407407407, 284884.0, 0.0, 0.0, 0.0 
2.8641779699065806, -527.58, -0.30531250000000004, 279191.24, 0.0, 0.0, 0.0 
2.8575905433749464, -533.88, -0.30895833333333333, 286212.24, 0.0, 0.0, 0.0 
2.851018267503909, -532.88, -0.3083796296296296, 284856.88, 0.0, 0.0, 0.0 
2.8444611074479154, -544.94, -0.3153587962962963, 297998.12, 0.0, 0.0, 0.0 
2.837919028441556, -538.22, -0.31146990740740743, 290528.92, 0.0, 0.0, 0.0 
2.831391995799379, -530.26, -0.3068634259259259, 282217.56, 0.0, 0.0, 0.0 
2.8248799749157074, -533.18, -0.3085532407407407, 285765.32, 0.0, 0.0, 0.0 
2.8183829312644537, -533.02, -0.30846064814814816, 285220.84, 0.0, 0.0, 0.0 
2.8119008303989403, -539.82, -0.3123958333333334, 292240.52, 0.0, 0.0, 0.0 
2.8054336379517135, -533.78, -0.308900462962963, 286179.24, 0.0, 0.0, 0.0 
2.798981319634362, -547.9, -0.31707175925925923, 301475.72, 0.0, 0.0, 0.0 
2.792543841237338, -536.76, -0.310625, 289135.12, 0.0, 0.0, 0.0 
2.7861211686297698, -541.44, -0.31333333333333335, 294032.16, 0.0, 0.0, 0.0 
2.7797132677592886, -539.96, -0.31247685185185187, 292807.12, 0.0, 0.0, 0.0 
2.77332010465184, -547.16, -0.3166435185185185, 300523.52, 0.0, 0.0, 0.0 
2.7669416454115114, -542.96, -0.31421296296296297, 295850.56, 0.0, 0.0, 0.0 
2.7605778562203453, -546.8, -0.31643518518518515, 300585.04, 0.0, 0.0, 0.0 
2.7542287033381663, -541.18, -0.31318287037037035, 293690.6, 0.0, 0.0, 0.0 
2.7478941531023966, -546.32, -0.31615740740740744, 299471.92, 0.0, 0.0, 0.0 
2.7415741719278826, -547.84, -0.31703703703703706, 301486.56, 0.0, 0.0, 0.0 
2.7352687263067126, -545.56, -0.3157175925925926, 298590.8, 0.0, 0.0, 0.0 
2.7289777828080415, -544.78, -0.3152662037037037, 297783.48, 0.0, 0.0, 0.0 
2.7227013080779128, -546.2, -0.316087962962963, 299256.24, 0.0, 0.0, 0.0 
2.7164392688390833, -543.82, -0.3147106481481482, 296610.36, 0.0, 0.0, 0.0 
2.7101916318908432, -554.82, -0.3210763888888889, 308784.12, 0.0, 0.0, 0.0 
2.7039583641088445, -550.0, -0.31828703703703703, 303869.36, 0.0, 0.0, 0.0 
2.6977394324449206, -552.2, -0.3195601851851852, 306000.24, 0.0, 0.0, 0.0 
2.691534803926916, -552.6, -0.3197916666666667, 306686.32, 0.0, 0.0, 0.0 
2.685344445658508, -557.86, -0.32283564814814814, 312314.68, 0.0, 0.0, 0.0 
2.6791683248190323, -559.32, -0.3236805555555556, 313572.64, 0.0, 0.0, 0.0 
2.6730064086633116, -548.22, -0.31725694444444447, 301487.4, 0.0, 0.0, 0.0 
2.6668586645214805, -545.24, -0.3155324074074074, 298334.16, 0.0, 0.0, 0.0 
2.66072505979881, -562.78, -0.32568287037037036, 317860.44, 0.0, 0.0, 0.0 
2.65460556197554, -558.16, -0.3230092592592592, 312485.52, 0.0, 0.0, 0.0 
2.6485001386067006, -555.34, -0.32137731481481485, 309727.32, 0.0, 0.0, 0.0 
2.642408757321947, -552.04, -0.31946759259259255, 305830.16, 0.0, 0.0, 0.0 
2.63633138582538, -560.1, -0.32413194444444443, 314885.16, 0.0, 0.0, 0.0 
2.6302679918953826, -558.78, -0.32336805555555553, 313351.08, 0.0, 0.0, 0.0 
2.6242185433844423, -573.44, -0.3318518518518519, 330026.4, 0.0, 0.0, 0.0 
2.6181830082189856, -559.02, -0.32350694444444444, 313620.84, 0.0, 0.0, 0.0 
2.612161354399207, -570.74, -0.3302893518518519, 326794.36, 0.0, 0.0, 0.0 
2.6061535499988957, -561.9, -0.3251736111111111, 316740.44, 0.0, 0.0, 0.0 
2.6001595631652723, -566.1, -0.3276041666666667, 321307.48, 0.0, 0.0, 0.0 
2.594179362118814, -574.4, -0.3324074074074074, 331297.6, 0.0, 0.0, 0.0 
2.588212915153092, -567.14, -0.3282060185185185, 322778.36, 0.0, 0.0, 0.0 
2.5822601906345968, -572.58, -0.33135416666666667, 328830.76, 0.0, 0.0, 0.0 
2.5763211570025755, -578.88, -0.335, 336361.6, 0.0, 0.0, 0.0 
2.570395782768864, -571.38, -0.33065972222222223, 327282.36, 0.0, 0.0, 0.0 
2.5644840365177175, -571.6, -0.33078703703703705, 327855.52, 0.0, 0.0, 0.0 
2.558585886905646, -576.9, -0.3338541666666667, 333881.56, 0.0, 0.0, 0.0 
2.552701302661247, -587.58, -0.34003472222222225, 346742.04, 0.0, 0.0, 0.0 
2.5468302525850413, -575.02, -0.3327662037037037, 331953.48, 0.0, 0.0, 0.0 
2.540972705549305, -579.06, -0.33510416666666665, 336983.24, 0.0, 0.0, 0.0 
2.5351286304979075, -575.34, -0.3329513888888889, 332018.44, 0.0, 0.0, 0.0 
2.529297996446145, -589.26, -0.34100694444444446, 348221.08, 0.0, 0.0, 0.0 
2.523480772480575, -580.0, -0.33564814814814814, 337653.76, 0.0, 0.0, 0.0 
2.5176769277588558, -577.64, -0.3342824074074074, 335159.6, 0.0, 0.0, 0.0 
2.51188643150958, -579.86, -0.33556712962962965, 337291.72, 0.0, 0.0, 0.0 
2.506109253032114, -591.06, -0.34204861111111107, 350480.92, 0.0, 0.0, 0.0 
2.5003453616964317, -588.2, -0.34039351851851857, 347411.92, 0.0, 0.0, 0.0 
2.494594726942955, -580.46, -0.33591435185185187, 338518.28, 0.0, 0.0, 0.0 
2.488857318282391, -586.84, -0.3396064814814815, 345922.32, 0.0, 0.0, 0.0 
2.4831331052955705, -590.22, -0.3415625, 349458.44, 0.0, 0.0, 0.0 
2.4774220576332855, -585.9, -0.3390625, 344657.96, 0.0, 0.0, 0.0 
2.4717241450161302, -588.24, -0.34041666666666665, 346967.92, 0.0, 0.0, 0.0 
2.4660393372343394, -586.8, -0.3395833333333333, 345676.64, 0.0, 0.0, 0.0 
2.4603676041476277, -587.86, -0.34019675925925924, 347153.72, 0.0, 0.0, 0.0 
2.4547089156850306, -589.34, -0.3410532407407408, 348285.4, 0.0, 0.0, 0.0 
2.4490632418447458, -585.26, -0.33869212962962963, 343652.68, 0.0, 0.0, 0.0 
2.443430552693972, -592.34, -0.3427893518518519, 351727.88, 0.0, 0.0, 0.0 
2.4378108183687526, -600.24, -0.3473611111111111, 361381.92, 0.0, 0.0, 0.0 
2.4322040090738155, -610.36, -0.3532175925925926, 373678.72, 0.0, 0.0, 0.0 
2.426610095082416, -598.74, -0.34649305555555554, 359597.8, 0.0, 0.0, 0.0 
2.4210290467361784, -607.56, -0.35159722222222217, 370468.0, 0.0, 0.0, 0.0 
2.4154608344449406, -602.36, -0.34858796296296296, 364018.64, 0.0, 0.0, 0.0 
2.409905428686595, -601.96, -0.3483564814814815, 363194.64, 0.0, 0.0, 0.0 
2.4043628000069335, -599.94, -0.34718750000000004, 361072.12, 0.0, 0.0, 0.0 
2.398832919019491, -596.1, -0.3449652777777778, 356408.92, 0.0, 0.0, 0.0 
2.3933157564053875, -601.4, -0.3480324074074074, 362757.84, 0.0, 0.0, 0.0 
2.3878112829131775, -601.8, -0.3482638888888889, 363292.0, 0.0, 0.0, 0.0 
2.3823194693586904, -620.84, -0.3592824074074074, 386597.68, 0.0, 0.0, 0.0 
2.376840286624877, -619.42, -0.3584606481481481, 384906.92, 0.0, 0.0, 0.0 
2.3713737056616555, -606.66, -0.35107638888888887, 369371.0, 0.0, 0.0, 0.0 
2.3659196974857584, -611.06, -0.35362268518518514, 375042.68, 0.0, 0.0, 0.0 
2.360478233180577, -600.98, -0.34778935185185184, 362210.6, 0.0, 0.0, 0.0 
2.3550492838960095, -625.02, -0.36170138888888886, 391940.68, 0.0, 0.0, 0.0 
2.3496328208483073, -614.92, -0.35585648148148147, 379293.2, 0.0, 0.0, 0.0 
2.3442288153199224, -622.3, -0.3601273148148148, 388439.48, 0.0, 0.0, 0.0 
2.338837238659355, -625.34, -0.3618865740740741, 392211.16, 0.0, 0.0, 0.0 
2.333458062281003, -616.52, -0.3567824074074074, 381910.16, 0.0, 0.0, 0.0 
2.328091257665008, -628.44, -0.36368055555555556, 396075.52, 0.0, 0.0, 0.0 
2.322736796357107, -621.14, -0.3594560185185185, 387472.44, 0.0, 0.0, 0.0 
2.3173946499684788, -624.92, -0.3616435185185185, 391729.84, 0.0, 0.0, 0.0 
2.3120647901755946, -629.24, -0.3641435185185185, 397259.68, 0.0, 0.0, 0.0 
2.306747188720069, -635.38, -0.36769675925925926, 405062.76, 0.0, 0.0, 0.0 
2.3014418174085085, -640.56, -0.37069444444444444, 411291.52, 0.0, 0.0, 0.0 
2.296148648112362, -622.28, -0.3601157407407407, 388491.28, 0.0, 0.0, 0.0 
2.2908676527677727, -626.32, -0.3624537037037037, 393376.72, 0.0, 0.0, 0.0 
2.28559880337543, -642.4, -0.37175925925925923, 414144.48, 0.0, 0.0, 0.0 
2.280342072000418, -633.38, -0.3665393518518518, 402561.72, 0.0, 0.0, 0.0 
2.2750974307720706, -648.22, -0.3751273148148148, 421666.92, 0.0, 0.0, 0.0 
2.269864851883822, -649.1, -0.3756365740740741, 422706.68, 0.0, 0.0, 0.0 
2.2646443075930596, -646.08, -0.37388888888888894, 418636.08, 0.0, 0.0, 0.0 
2.2594357702209775, -649.52, -0.3758796296296296, 423857.76, 0.0, 0.0, 0.0 
2.2542392121524295, -652.36, -0.37752314814814814, 427007.68, 0.0, 0.0, 0.0 
2.249054605835781, -653.2, -0.37800925925925927, 428708.96, 0.0, 0.0, 0.0 
2.2438819237827663, -649.96, -0.3761342592592593, 423281.84, 0.0, 0.0, 0.0 
2.2387211385683394, -640.22, -0.3704976851851852, 410906.52, 0.0, 0.0, 0.0 
2.2335722228305315, -655.76, -0.37949074074074074, 431492.24, 0.0, 0.0, 0.0 
2.228435149270304, -645.6, -0.3736111111111111, 417839.76, 0.0, 0.0, 0.0 
2.2233098906514033, -647.22, -0.37454861111111115, 420122.84, 0.0, 0.0, 0.0 
2.218196419800219, -648.2, -0.3751157407407408, 422011.04, 0.0, 0.0, 0.0 
2.2130947096056377, -648.56, -0.37532407407407403, 422151.6, 0.0, 0.0, 0.0 
2.2080047330188997, -654.44, -0.3787268518518519, 429449.92, 0.0, 0.0, 0.0 
2.202926463053456, -674.74, -0.39047453703703705, 456347.48, 0.0, 0.0, 0.0 
2.1978598727848246, -669.28, -0.3873148148148148, 449583.04, 0.0, 0.0, 0.0 
2.1928049353504484, -652.9, -0.37783564814814813, 427772.28, 0.0, 0.0, 0.0 
2.1877616239495525, -660.2, -0.3820601851851852, 436899.52, 0.0, 0.0, 0.0 
2.1827299118430012, -657.2, -0.3803240740740741, 433383.84, 0.0, 0.0, 0.0 
2.1777097723531584, -676.4, -0.39143518518518516, 459375.36, 0.0, 0.0, 0.0 
2.1727011788637447, -656.12, -0.37969907407407405, 432257.6, 0.0, 0.0, 0.0 
2.1677041048196948, -660.0, -0.3819444444444444, 436606.88, 0.0, 0.0, 0.0 
2.1627185237270203, -681.36, -0.3943055555555556, 465936.8, 0.0, 0.0, 0.0 
2.157744409152666, -672.46, -0.3891550925925926, 454192.36, 0.0, 0.0, 0.0 
2.152781734724373, -664.04, -0.3842824074074074, 442691.36, 0.0, 0.0, 0.0 
2.147830474130534, -688.22, -0.39827546296296296, 475062.76, 0.0, 0.0, 0.0 
2.1428906011200586, -665.4, -0.3850694444444444, 444378.96, 0.0, 0.0, 0.0 
2.1379620895022318, -674.06, -0.3900810185185185, 456063.16, 0.0, 0.0, 0.0 
2.133044913146576, -678.28, -0.39252314814814815, 461962.24, 0.0, 0.0, 0.0 
2.128139045982712, -669.96, -0.3877083333333334, 449915.52, 0.0, 0.0, 0.0 
2.1232444620002195, -678.52, -0.392662037037037, 462188.8, 0.0, 0.0, 0.0 
2.118361135248502, -686.18, -0.3970949074074074, 472489.4, 0.0, 0.0, 0.0 
2.1134890398366464, -690.3, -0.39947916666666666, 478121.8, 0.0, 0.0, 0.0 
2.1086281499332893, -700.38, -0.4053125, 492692.84, 0.0, 0.0, 0.0 
2.1037784397664754, -705.8, -0.40844907407407405, 500124.24, 0.0, 0.0, 0.0 
2.0989398836235242, -677.48, -0.3920601851851852, 460641.2, 0.0, 0.0, 0.0 
2.0941124558508926, -707.82, -0.4096180555555556, 503289.48, 0.0, 0.0, 0.0 
2.089296130854039, -688.52, -0.39844907407407404, 475754.0, 0.0, 0.0, 0.0 
2.084490883097289, -697.54, -0.40366898148148145, 488722.36, 0.0, 0.0, 0.0 
2.0796966871036955, -698.06, -0.4039699074074074, 488894.44, 0.0, 0.0, 0.0 
2.0749135174549096, -700.66, -0.405474537037037, 492392.44, 0.0, 0.0, 0.0 
2.070141348791042, -717.22, -0.4150578703703704, 515986.04, 0.0, 0.0, 0.0 
2.065380155810529, -704.46, -0.4076736111111111, 497956.2, 0.0, 0.0, 0.0 
2.06062991327, -718.58, -0.4158449074074074, 517886.68, 0.0, 0.0, 0.0 
2.055890595984142, -714.46, -0.41346064814814815, 511838.04, 0.0, 0.0, 0.0 
2.0511621788255656, -710.42, -0.4111226851851852, 506150.52, 0.0, 0.0, 0.0 
2.0464446367246745, -723.0, -0.4184027777777778, 524001.52, 0.0, 0.0, 0.0 
2.0417379446695296, -714.06, -0.41322916666666665, 511641.72, 0.0, 0.0, 0.0 
2.0370420777057188, -725.72, -0.41997685185185185, 528407.84, 0.0, 0.0, 0.0 
2.032357010936222, -733.74, -0.42461805555555554, 540242.76, 0.0, 0.0, 0.0 
2.0276827195212825, -734.94, -0.42531250000000004, 541977.16, 0.0, 0.0, 0.0 
2.023019178678272, -721.2, -0.4173611111111111, 521821.6, 0.0, 0.0, 0.0 
2.018366363681561, -733.68, -0.4245833333333333, 540569.52, 0.0, 0.0, 0.0 
2.0137242498623884, -731.64, -0.4234027777777778, 537460.88, 0.0, 0.0, 0.0 
2.0090928126087286, -745.16, -0.43122685185185183, 557387.44, 0.0, 0.0, 0.0 
2.0044720273651615, -728.12, -0.42136574074074074, 532081.28, 0.0, 0.0, 0.0 
1.9998618696327444, -736.08, -0.42597222222222225, 544139.68, 0.0, 0.0, 0.0 
1.99526231496888, -746.46, -0.4319791666666667, 559066.2, 0.0, 0.0, 0.0 
1.990673338987187, -740.84, -0.4287268518518519, 550687.04, 0.0, 0.0, 0.0 
1.9860949173573716, -743.46, -0.4302430555555556, 554543.56, 0.0, 0.0, 0.0 
1.9815270258050985, -748.68, -0.43326388888888884, 562558.32, 0.0, 0.0, 0.0 
1.976969640111861, -760.32, -0.44, 580171.36, 0.0, 0.0, 0.0 
1.972422736114854, -764.78, -0.4425810185185185, 587029.64, 0.0, 0.0, 0.0 
1.967886289706845, -775.54, -0.44880787037037034, 604078.28, 0.0, 0.0, 0.0 
1.963360276836047, -739.38, -0.42788194444444444, 549118.84, 0.0, 0.0, 0.0 
1.9588446735059901, -772.24, -0.44689814814814816, 599213.68, 0.0, 0.0, 0.0 
1.9543394557753948, -758.5, -0.43894675925925924, 577352.04, 0.0, 0.0, 0.0 
1.9498445997580456, -774.66, -0.4482986111111111, 601632.6, 0.0, 0.0, 0.0 
1.9453600816226628, -762.72, -0.4413888888888889, 584325.04, 0.0, 0.0, 0.0 
1.9408858775927784, -774.46, -0.4481828703703704, 601864.36, 0.0, 0.0, 0.0 
1.9364219639466074, -775.94, -0.4490393518518519, 603939.16, 0.0, 0.0, 0.0 
1.9319683170169242, -788.74, -0.45644675925925926, 623992.36, 0.0, 0.0, 0.0 
1.9275249131909362, -797.52, -0.46152777777777776, 638773.84, 0.0, 0.0, 0.0 
1.9230917289101588, -779.66, -0.4511921296296296, 609712.04, 0.0, 0.0, 0.0 
1.9186687406702896, -780.92, -0.4519212962962963, 613009.6, 0.0, 0.0, 0.0 
1.9142559250210862, -780.2, -0.4515046296296297, 610815.36, 0.0, 0.0, 0.0 
1.9098532585662384, -785.4, -0.4545138888888889, 619627.76, 0.0, 0.0, 0.0 
1.9054607179632475, -821.86, -0.4756134259259259, 679295.48, 0.0, 0.0, 0.0 
1.9010782799233004, -822.06, -0.47572916666666665, 677471.16, 0.0, 0.0, 0.0 
1.8967059212111463, -817.46, -0.47306712962962966, 671521.08, 0.0, 0.0, 0.0 
1.8923436186449756, -798.74, -0.4622337962962963, 640424.84, 0.0, 0.0, 0.0 
1.8879913490962936, -804.28, -0.4654398148148148, 649838.8, 0.0, 0.0, 0.0 
1.8836490894898006, -807.22, -0.4671412037037037, 654271.56, 0.0, 0.0, 0.0 
1.8793168168032688, -815.1, -0.4717013888888889, 666562.44, 0.0, 0.0, 0.0 
1.8749945080674189, -816.74, -0.472650462962963, 670330.44, 0.0, 0.0, 0.0 
1.8706821403658007, -824.72, -0.47726851851851854, 682661.52, 0.0, 0.0, 0.0 
1.86637969083467, -802.82, -0.46459490740740744, 646986.76, 0.0, 0.0, 0.0 
1.8620871366628675, -838.24, -0.4850925925925926, 705212.8, 0.0, 0.0, 0.0 
1.8578044550916986, -859.24, -0.49724537037037037, 741386.16, 0.0, 0.0, 0.0 
1.8535316234148116, -832.5, -0.4817708333333333, 696404.2, 0.0, 0.0, 0.0 
1.8492686189780783, -854.9, -0.49473379629629627, 735239.56, 0.0, 0.0, 0.0 
1.8450154191794739, -868.14, -0.5023958333333334, 758914.68, 0.0, 0.0, 0.0 
1.840772001468956, -849.16, -0.491412037037037, 723019.76, 0.0, 0.0, 0.0 
1.8365383433483464, -859.28, -0.4972685185185185, 741378.64, 0.0, 0.0, 0.0 
1.8323144223712118, -885.94, -0.5126967592592593, 788655.32, 0.0, 0.0, 0.0 
1.8281002161427429, -869.44, -0.5031481481481482, 759889.44, 0.0, 0.0, 0.0 
1.823895702319638, -857.86, -0.49644675925925924, 739242.76, 0.0, 0.0, 0.0 
1.8197008586099837, -904.72, -0.5235648148148149, 827830.56, 0.0, 0.0, 0.0 
1.8155156627731355, -1710.14, -0.9896643518518519, 2.9251722e6, 0.0, 0.0, 0.0 
1.8113400926196026, -1717.18, -0.993738425925926, 2.948895e6, 0.0, 0.0, 0.0 
1.8071741260109273, -1717.42, -0.9938773148148149, 2.94974036e6, 0.0, 0.0, 0.0 
1.8030177408595691, -1721.44, -0.9962037037037037, 2.96348824e6, 0.0, 0.0, 0.0 
1.7988709151287878, -1720.7, -0.995775462962963, 2.96094148e6, 0.0, 0.0, 0.0 
1.7947336268325267, -1717.1, -0.9936921296296296, 2.94859676e6, 0.0, 0.0, 0.0 
1.7906058540352943, -1718.72, -0.9946296296296296, 2.95419248e6, 0.0, 0.0, 0.0 
1.786487574852051, -1721.0, -0.9959490740740741, 2.96195344e6, 0.0, 0.0, 0.0 
1.7823787674480895, -1719.3, -0.9949652777777778, 2.95617844e6, 0.0, 0.0, 0.0 
1.778279410038923, -1721.68, -0.9963425925925926, 2.96427608e6, 0.0, 0.0, 0.0 
1.774189480890166, -1721.62, -0.9963078703703703, 2.96410468e6, 0.0, 0.0, 0.0 
1.7701089583174212, -1719.24, -0.9949305555555555, 2.95599768e6, 0.0, 0.0, 0.0 
1.7660378206861642, -1720.64, -0.9957407407407408, 2.96072664e6, 0.0, 0.0, 0.0 
1.7619760464116294, -1721.36, -0.9961574074074073, 2.96320216e6, 0.0, 0.0, 0.0 
1.7579236139586927, -1723.76, -0.9975462962962963, 2.97143488e6, 0.0, 0.0, 0.0 
1.7538805018417614, -1721.16, -0.9960416666666667, 2.96251888e6, 0.0, 0.0, 0.0 
1.7498466886246569, -1720.72, -0.9957870370370371, 2.9610408e6, 0.0, 0.0, 0.0 
1.745822152920504, -1720.6, -0.9957175925925925, 2.96059448e6, 0.0, 0.0, 0.0 
1.741806873391614, -1721.96, -0.9965046296296296, 2.96528744e6, 0.0, 0.0, 0.0 
1.7378008287493754, -1721.12, -0.9960185185185184, 2.96239048e6, 0.0, 0.0, 0.0 
1.733803997754138, -1723.7, -0.9975115740740741, 2.9712098e6, 0.0, 0.0, 0.0 
1.7298163592151017, -1720.96, -0.995925925925926, 2.9618244e6, 0.0, 0.0, 0.0 
1.7258378919902038, -1716.78, -0.9935069444444444, 2.9475526e6, 0.0, 0.0, 0.0 
1.7218685749860072, -1724.44, -0.9979398148148149, 2.973764e6, 0.0, 0.0, 0.0 
1.7179083871575882, -1722.96, -0.9970833333333333, 2.96867264e6, 0.0, 0.0, 0.0 
1.7139573075084251, -1724.18, -0.9977893518518519, 2.97286276e6, 0.0, 0.0, 0.0 
1.7100153150902875, -1722.1, -0.9965856481481481, 2.96575716e6, 0.0, 0.0, 0.0 
1.7060823890031234, -1721.98, -0.9965162037037038, 2.96531276e6, 0.0, 0.0, 0.0 
1.7021585083949506, -1723.68, -0.9975, 2.97113728e6, 0.0, 0.0, 0.0 
1.6982436524617444, -1722.42, -0.9967708333333334, 2.96683396e6, 0.0, 0.0, 0.0 
1.6943378004473284, -1723.3, -0.9972800925925925, 2.96984852e6, 0.0, 0.0, 0.0 
1.6904409316432643, -1723.38, -0.9973263888888889, 2.9701338e6, 0.0, 0.0, 0.0 
1.6865530253887413, -1723.82, -0.9975810185185184, 2.9716494e6, 0.0, 0.0, 0.0 
1.6826740610704674, -1724.66, -0.9980671296296296, 2.97451268e6, 0.0, 0.0, 0.0 
1.6788040181225603, -1723.08, -0.9971527777777778, 2.96909728e6, 0.0, 0.0, 0.0 
1.6749428760264373, -1725.2, -0.9983796296296297, 2.97635392e6, 0.0, 0.0, 0.0 
1.6710906143107076, -1724.26, -0.9978356481481482, 2.97312452e6, 0.0, 0.0, 0.0 
1.667247212551063, -1724.16, -0.9977777777777779, 2.97279616e6, 0.0, 0.0, 0.0 
1.6634126503701694, -1724.64, -0.9980555555555556, 2.97445376e6, 0.0, 0.0, 0.0 
1.6595869074375604, -1724.96, -0.9982407407407408, 2.97554048e6, 0.0, 0.0, 0.0 
1.655769963469528, -1724.2, -0.997800925925926, 2.97291976e6, 0.0, 0.0, 0.0 
1.651961798229015, -1723.76, -0.9975462962962963, 2.97141568e6, 0.0, 0.0, 0.0 
1.6481623915255081, -1722.74, -0.9969560185185186, 2.96795084e6, 0.0, 0.0, 0.0 
1.6443717232149315, -1724.72, -0.9981018518518519, 2.97471424e6, 0.0, 0.0, 0.0 
1.6405897731995391, -1726.0, -0.9988425925925926, 2.97911488e6, 0.0, 0.0, 0.0 
1.6368165214278085, -1723.18, -0.9972106481481482, 2.96943308e6, 0.0, 0.0, 0.0 
1.6330519478943342, -1724.96, -0.9982407407407408, 2.97553152e6, 0.0, 0.0, 0.0 
1.6292960326397223, -1725.36, -0.9984722222222222, 2.97690944e6, 0.0, 0.0, 0.0 
1.6255487557504837, -1724.3, -0.9978587962962963, 2.97326532e6, 0.0, 0.0, 0.0 
1.62181009735893, -1723.7, -0.9975115740740741, 2.97122884e6, 0.0, 0.0, 0.0 
1.6180800376430657, -1724.8, -0.9981481481481481, 2.97499664e6, 0.0, 0.0, 0.0 
1.6143585568264862, -1725.38, -0.9984837962962964, 2.97698964e6, 0.0, 0.0, 0.0 
1.6106456351782703, -1725.62, -0.9986226851851852, 2.97780708e6, 0.0, 0.0, 0.0 
1.6069412530128773, -1725.04, -0.998287037037037, 2.97580864e6, 0.0, 0.0, 0.0 
1.6032453906900415, -1725.92, -0.9987962962962963, 2.97883392e6, 0.0, 0.0, 0.0 
1.599558028614669, -1725.6, -0.998611111111111, 2.97773312e6, 0.0, 0.0, 0.0 
1.5958791472367326, -1724.48, -0.9979629629629629, 2.97389056e6, 0.0, 0.0, 0.0 
1.59220872705117, -1726.72, -0.9992592592592593, 2.9815808e6, 0.0, 0.0, 0.0 
1.5885467485977787, -1725.84, -0.9987499999999999, 2.97855552e6, 0.0, 0.0, 0.0 
1.5848931924611134, -1725.2, -0.9983796296296297, 2.9763616e6, 0.0, 0.0, 0.0 
1.5812480392703832, -1725.6, -0.998611111111111, 2.977728e6, 0.0, 0.0, 0.0 
1.5776112696993485, -1725.52, -0.9985648148148148, 2.97746624e6, 0.0, 0.0, 0.0 
1.5739828644662193, -1726.4, -0.9990740740740741, 2.98048512e6, 0.0, 0.0, 0.0 
1.5703628043335525, -1726.56, -0.9991666666666666, 2.9810304e6, 0.0, 0.0, 0.0 
1.566751070108149, -1725.56, -0.9985879629629629, 2.97759688e6, 0.0, 0.0, 0.0 
1.563147642640954, -1725.36, -0.9984722222222222, 2.97691456e6, 0.0, 0.0, 0.0 
1.5595525028269535, -1726.4, -0.9990740740740741, 2.98048e6, 0.0, 0.0, 0.0 
1.5559656316050743, -1726.32, -0.9990277777777777, 2.98020672e6, 0.0, 0.0, 0.0 
1.5523870099580823, -1726.48, -0.9991203703703704, 2.98076224e6, 0.0, 0.0, 0.0 
1.5488166189124812, -1726.6, -0.9991898148148147, 2.98117136e6, 0.0, 0.0, 0.0 
1.5452544395384138, -1726.4, -0.9990740740740741, 2.98048e6, 0.0, 0.0, 0.0 
1.5417004529495593, -1726.0, -0.9988425925925926, 2.97910976e6, 0.0, 0.0, 0.0 
1.538154640303035, -1726.8, -0.9993055555555556, 2.98185792e6, 0.0, 0.0, 0.0 
1.5346169827992946, -1726.72, -0.9992592592592593, 2.9815808e6, 0.0, 0.0, 0.0 
1.5310874616820305, -1726.0, -0.9988425925925926, 2.97911616e6, 0.0, 0.0, 0.0 
1.5275660582380728, -1726.8, -0.9993055555555556, 2.98185792e6, 0.0, 0.0, 0.0 
1.5240527537972914, -1726.16, -0.9989351851851852, 2.97965632e6, 0.0, 0.0, 0.0 
1.5205475297324957, -1726.16, -0.9989351851851852, 2.97965632e6, 0.0, 0.0, 0.0 
1.517050367459337, -1726.16, -0.9989351851851852, 2.97966016e6, 0.0, 0.0, 0.0 
1.5135612484362084, -1727.36, -0.9996296296296295, 2.9837824e6, 0.0, 0.0, 0.0 
1.5100801541641486, -1727.12, -0.9994907407407406, 2.98295872e6, 0.0, 0.0, 0.0 
1.5066070661867423, -1727.2, -0.9995370370370371, 2.983232e6, 0.0, 0.0, 0.0 
1.5031419660900225, -1726.96, -0.9993981481481482, 2.98240832e6, 0.0, 0.0, 0.0 
1.4996848355023737, -1726.64, -0.999212962962963, 2.9813152e6, 0.0, 0.0, 0.0 
1.4962356560944337, -1726.64, -0.999212962962963, 2.98131264e6, 0.0, 0.0, 0.0 
1.4927944095789965, -1727.04, -0.9994444444444445, 2.9826816e6, 0.0, 0.0, 0.0 
1.4893610777109154, -1726.08, -0.9988888888888888, 2.97938432e6, 0.0, 0.0, 0.0 
1.4859356422870071, -1726.72, -0.9992592592592593, 2.9815808e6, 0.0, 0.0, 0.0 
1.4825180851459538, -1727.04, -0.9994444444444445, 2.9826816e6, 0.0, 0.0, 0.0 
1.4791083881682077, -1727.2, -0.9995370370370371, 2.983232e6, 0.0, 0.0, 0.0 
1.4757065332758947, -1726.56, -0.9991666666666666, 2.98104064e6, 0.0, 0.0, 0.0 
1.472312502432719, -1727.36, -0.9996296296296295, 2.9837824e6, 0.0, 0.0, 0.0 
1.468926277643867, -1724.4, -0.9979166666666667, 2.97362448e6, 0.0, 0.0, 0.0 
1.4655478409559117, -1726.62, -0.9992013888888889, 2.98123908e6, 0.0, 0.0, 0.0 
1.4621771744567182, -1726.72, -0.9992592592592593, 2.9815808e6, 0.0, 0.0, 0.0 
1.4588142602753487, -1727.68, -0.9998148148148148, 2.9848832e6, 0.0, 0.0, 0.0 
1.4554590805819663, -1726.72, -0.9992592592592593, 2.9815808e6, 0.0, 0.0, 0.0 
1.4521116175877424, -1727.2, -0.9995370370370371, 2.983232e6, 0.0, 0.0, 0.0 
1.4487718535447618, -1727.04, -0.9994444444444445, 2.9826816e6, 0.0, 0.0, 0.0 
1.4454397707459277, -1727.2, -0.9995370370370371, 2.983232e6, 0.0, 0.0, 0.0 
1.4421153515248688, -1727.2, -0.9995370370370371, 2.983232e6, 0.0, 0.0, 0.0 
1.4387985782558457, -1726.8, -0.9993055555555556, 2.98185792e6, 0.0, 0.0, 0.0 
1.435489433353656, -1726.84, -0.9993287037037036, 2.98199944e6, 0.0, 0.0, 0.0 
1.4321878992735437, -1726.56, -0.9991666666666666, 2.9810304e6, 0.0, 0.0, 0.0 
1.428893958511103, -1726.88, -0.9993518518518519, 2.9821312e6, 0.0, 0.0, 0.0 
1.4256075936021884, -1728.0, -1.0, 2.985984e6, 0.0, 0.0, 0.0 
1.4223287871228198, -1727.36, -0.9996296296296295, 2.9837824e6, 0.0, 0.0, 0.0 
1.4190575216890924, -1727.12, -0.9994907407407406, 2.98295872e6, 0.0, 0.0, 0.0 
1.4157937799570817, -1726.78, -0.9992939814814815, 2.98179332e6, 0.0, 0.0, 0.0 
1.4125375446227544, -1727.04, -0.9994444444444445, 2.9826816e6, 0.0, 0.0, 0.0 
1.409288798421875, -1727.2, -0.9995370370370371, 2.983232e6, 0.0, 0.0, 0.0 
1.406047524129914, -1727.2, -0.9995370370370371, 2.983232e6, 0.0, 0.0, 0.0 
1.4028137045619582, -1727.44, -0.9996759259259259, 2.98405952e6, 0.0, 0.0, 0.0 
1.3995873225726183, -1727.52, -0.9997222222222222, 2.9843328e6, 0.0, 0.0, 0.0 
1.3963683610559376, -1727.68, -0.9998148148148148, 2.9848832e6, 0.0, 0.0, 0.0 
1.3931568029453032, -1727.36, -0.9996296296296295, 2.9837824e6, 0.0, 0.0, 0.0 
1.3899526312133534, -1727.2, -0.9995370370370371, 2.983232e6, 0.0, 0.0, 0.0 
1.3867558288718886, -1727.52, -0.9997222222222222, 2.9843328e6, 0.0, 0.0, 0.0 
1.3835663789717811, -1727.36, -0.9996296296296295, 2.9837824e6, 0.0, 0.0, 0.0 
1.380384264602885, -1727.84, -0.9999074074074074, 2.9854336e6, 0.0, 0.0, 0.0 
1.3772094688939465, -1727.52, -0.9997222222222222, 2.9843328e6, 0.0, 0.0, 0.0 
1.3740419750125152, -1727.3, -0.9995949074074074, 2.98358436e6, 0.0, 0.0, 0.0 
1.3708817661648536, -1727.36, -0.9996296296296295, 2.9837824e6, 0.0, 0.0, 0.0 
1.367728825595849, -1727.84, -0.9999074074074074, 2.9854336e6, 0.0, 0.0, 0.0 
1.3645831365889247, -1727.68, -0.9998148148148148, 2.9848832e6, 0.0, 0.0, 0.0 
1.36144468246595, -1728.0, -1.0, 2.985984e6, 0.0, 0.0, 0.0 
1.3583134465871542, -1727.68, -0.9998148148148148, 2.9848832e6, 0.0, 0.0, 0.0 
1.3551894123510362, -1727.68, -0.9998148148148148, 2.9848832e6, 0.0, 0.0, 0.0 
1.3520725631942774, -1727.68, -0.9998148148148148, 2.9848832e6, 0.0, 0.0, 0.0 
1.3489628825916535, -1727.68, -0.9998148148148148, 2.9848832e6, 0.0, 0.0, 0.0 
1.3458603540559482, -1728.0, -1.0, 2.985984e6, 0.0, 0.0, 0.0 
1.3427649611378638, -1727.84, -0.9999074074074074, 2.9854336e6, 0.0, 0.0, 0.0 
1.3396766874259352, -1727.84, -0.9999074074074074, 2.9854336e6, 0.0, 0.0, 0.0 
1.3365955165464425, -1727.84, -0.9999074074074074, 2.9854336e6, 0.0, 0.0, 0.0 
1.333521432163324, -1727.84, -0.9999074074074074, 2.9854336e6, 0.0, 0.0, 0.0 
1.330454417978091, -1727.84, -0.9999074074074074, 2.9854336e6, 0.0, 0.0, 0.0 
1.3273944577297394, -1727.84, -0.9999074074074074, 2.9854336e6, 0.0, 0.0, 0.0 
1.3243415351946646, -1727.68, -0.9998148148148148, 2.9848832e6, 0.0, 0.0, 0.0 
1.3212956341865754, -1727.84, -0.9999074074074074, 2.9854336e6, 0.0, 0.0, 0.0 
1.318256738556407, -1727.6, -0.9997685185185184, 2.98460992e6, 0.0, 0.0, 0.0 
1.3152248321922384, -1727.84, -0.9999074074074074, 2.9854336e6, 0.0, 0.0, 0.0 
1.3121998990192032, -1727.76, -0.9998611111111111, 2.98516032e6, 0.0, 0.0, 0.0 
1.309181922999407, -1727.68, -0.9998148148148148, 2.9848832e6, 0.0, 0.0, 0.0 
1.3061708881318415, -1727.84, -0.9999074074074074, 2.9854336e6, 0.0, 0.0, 0.0 
1.3031667784522993, -1727.68, -0.9998148148148148, 2.9848832e6, 0.0, 0.0, 0.0 
1.3001695780332903, -1727.68, -0.9998148148148148, 2.9848832e6, 0.0, 0.0, 0.0 
1.297179270983956, -1728.0, -1.0, 2.985984e6, 0.0, 0.0, 0.0 
1.294195841449986, -1728.0, -1.0, 2.985984e6, 0.0, 0.0, 0.0 
1.2912192736135342, -1727.68, -0.9998148148148148, 2.9848832e6, 0.0, 0.0, 0.0 
1.2882495516931338, -1727.68, -0.9998148148148148, 2.9848832e6, 0.0, 0.0, 0.0 
1.2852866599436155, -1727.68, -0.9998148148148148, 2.9848832e6, 0.0, 0.0, 0.0 
1.2823305826560216, -1727.84, -0.9999074074074074, 2.9854336e6, 0.0, 0.0, 0.0 
1.2793813041575248, -1727.84, -0.9999074074074074, 2.9854336e6, 0.0, 0.0, 0.0 
1.2764388088113439, -1727.84, -0.9999074074074074, 2.9854336e6, 0.0, 0.0, 0.0 
1.2735030810166617, -1728.0, -1.0, 2.985984e6, 0.0, 0.0, 0.0 
1.2705741052085417, -1727.52, -0.9997222222222222, 2.9843328e6, 0.0, 0.0, 0.0 
1.2676518658578457, -1727.84, -0.9999074074074074, 2.9854336e6, 0.0, 0.0, 0.0 
1.2647363474711513, -1727.84, -0.9999074074074074, 2.9854336e6, 0.0, 0.0, 0.0 
1.2618275345906707, -1728.0, -1.0, 2.985984e6, 0.0, 0.0, 0.0 
1.2589254117941673, -1727.84, -0.9999074074074074, 2.9854336e6, 0.0, 0.0, 0.0 
1.2560299636948749, -1727.84, -0.9999074074074074, 2.9854336e6, 0.0, 0.0, 0.0 
1.2531411749414159, -1728.0, -1.0, 2.985984e6, 0.0, 0.0, 0.0 
1.2502590302177201, -1727.84, -0.9999074074074074, 2.9854336e6, 0.0, 0.0, 0.0 
1.247383514242943, -1727.84, -0.9999074074074074, 2.9854336e6, 0.0, 0.0, 0.0 
1.2445146117713852, -1727.84, -0.9999074074074074, 2.9854336e6, 0.0, 0.0, 0.0 
1.241652307592411, -1727.84, -0.9999074074074074, 2.9854336e6, 0.0, 0.0, 0.0 
1.238796586530369, -1727.68, -0.9998148148148148, 2.9848832e6, 0.0, 0.0, 0.0 
1.2359474334445104, -1727.84, -0.9999074074074074, 2.9854336e6, 0.0, 0.0, 0.0 
1.233104833228909, -1728.0, -1.0, 2.985984e6, 0.0, 0.0, 0.0 
1.2302687708123814, -1727.84, -0.9999074074074074, 2.9854336e6, 0.0, 0.0, 0.0 
1.2274392311584073, -1727.84, -0.9999074074074074, 2.9854336e6, 0.0, 0.0, 0.0 
1.2246161992650486, -1727.6, -0.9997685185185184, 2.98460992e6, 0.0, 0.0, 0.0 
1.2217996601648717, -1728.0, -1.0, 2.985984e6, 0.0, 0.0, 0.0 
1.2189895989248665, -1728.0, -1.0, 2.985984e6, 0.0, 0.0, 0.0 
1.216186000646368, -1727.84, -0.9999074074074074, 2.9854336e6, 0.0, 0.0, 0.0 
1.2133888504649772, -1728.0, -1.0, 2.985984e6, 0.0, 0.0, 0.0 
1.2105981335504823, -1728.0, -1.0, 2.985984e6, 0.0, 0.0, 0.0 
1.2078138351067802, -1728.0, -1.0, 2.985984e6, 0.0, 0.0, 0.0 
1.2050359403717974, -1728.0, -1.0, 2.985984e6, 0.0, 0.0, 0.0 
1.202264434617413, -1727.84, -0.9999074074074074, 2.9854336e6, 0.0, 0.0, 0.0 
1.1994993031493788, -1728.0, -1.0, 2.985984e6, 0.0, 0.0, 0.0 
1.1967405313072434, -1727.84, -0.9999074074074074, 2.9854336e6, 0.0, 0.0, 0.0 
1.1939881044642733, -1727.84, -0.9999074074074074, 2.9854336e6, 0.0, 0.0, 0.0 
1.1912420080273747, -1727.84, -0.9999074074074074, 2.9854336e6, 0.0, 0.0, 0.0 
1.1885022274370185, -1727.84, -0.9999074074074074, 2.9854336e6, 0.0, 0.0, 0.0 
1.18576874816716, -1727.84, -0.9999074074074074, 2.9854336e6, 0.0, 0.0, 0.0 
1.1830415557251648, -1728.0, -1.0, 2.985984e6, 0.0, 0.0, 0.0 
1.1803206356517295, -1728.0, -1.0, 2.985984e6, 0.0, 0.0, 0.0 
1.1776059735208073, -1727.84, -0.9999074074074074, 2.9854336e6, 0.0, 0.0, 0.0 
1.1748975549395295, -1728.0, -1.0, 2.985984e6, 0.0, 0.0, 0.0 
1.1721953655481303, -1728.0, -1.0, 2.985984e6, 0.0, 0.0, 0.0 
1.1694993910198708, -1728.0, -1.0, 2.985984e6, 0.0, 0.0, 0.0 
1.1668096170609623, -1728.0, -1.0, 2.985984e6, 0.0, 0.0, 0.0 
1.1641260294104911, -1727.84, -0.9999074074074074, 2.9854336e6, 0.0, 0.0, 0.0 
1.1614486138403426, -1728.0, -1.0, 2.985984e6, 0.0, 0.0, 0.0 
1.158777356155126, -1728.0, -1.0, 2.985984e6, 0.0, 0.0, 0.0 
1.1561122421920986, -1728.0, -1.0, 2.985984e6, 0.0, 0.0, 0.0 
1.1534532578210925, -1728.0, -1.0, 2.985984e6, 0.0, 0.0, 0.0 
1.150800388944436, -1728.0, -1.0, 2.985984e6, 0.0, 0.0, 0.0 
1.148153621496883, -1728.0, -1.0, 2.985984e6, 0.0, 0.0, 0.0 
1.1455129414455358, -1728.0, -1.0, 2.985984e6, 0.0, 0.0, 0.0 
1.1428783347897717, -1728.0, -1.0, 2.985984e6, 0.0, 0.0, 0.0 
1.140249787561169, -1728.0, -1.0, 2.985984e6, 0.0, 0.0, 0.0 
1.1376272858234309, -1727.84, -0.9999074074074074, 2.9854336e6, 0.0, 0.0, 0.0 
1.1350108156723153, -1728.0, -1.0, 2.985984e6, 0.0, 0.0, 0.0 
1.1324003632355573, -1728.0, -1.0, 2.985984e6, 0.0, 0.0, 0.0 
1.129795914672798, -1728.0, -1.0, 2.985984e6, 0.0, 0.0, 0.0 
1.1271974561755107, -1727.84, -0.9999074074074074, 2.9854336e6, 0.0, 0.0, 0.0 
1.1246049739669266, -1728.0, -1.0, 2.985984e6, 0.0, 0.0, 0.0 
1.1220184543019636, -1728.0, -1.0, 2.985984e6, 0.0, 0.0, 0.0 
1.1194378834671517, -1728.0, -1.0, 2.985984e6, 0.0, 0.0, 0.0 
1.1168632477805613, -1728.0, -1.0, 2.985984e6, 0.0, 0.0, 0.0 
1.11429453359173, -1728.0, -1.0, 2.985984e6, 0.0, 0.0, 0.0 
1.1117317272815914, -1728.0, -1.0, 2.985984e6, 0.0, 0.0, 0.0 
1.1091748152624012, -1728.0, -1.0, 2.985984e6, 0.0, 0.0, 0.0 
1.1066237839776665, -1728.0, -1.0, 2.985984e6, 0.0, 0.0, 0.0 
1.1040786199020733, -1728.0, -1.0, 2.985984e6, 0.0, 0.0, 0.0 
1.1015393095414152, -1728.0, -1.0, 2.985984e6, 0.0, 0.0, 0.0 
1.099005839432521, -1728.0, -1.0, 2.985984e6, 0.0, 0.0, 0.0 
1.096478196143185, -1727.84, -0.9999074074074074, 2.9854336e6, 0.0, 0.0, 0.0 
1.093956366272094, -1728.0, -1.0, 2.985984e6, 0.0, 0.0, 0.0 
1.0914403364487566, -1728.0, -1.0, 2.985984e6, 0.0, 0.0, 0.0 
1.0889300933334336, -1728.0, -1.0, 2.985984e6, 0.0, 0.0, 0.0 
1.0864256236170657, -1728.0, -1.0, 2.985984e6, 0.0, 0.0, 0.0 
1.0839269140212036, -1728.0, -1.0, 2.985984e6, 0.0, 0.0, 0.0 
1.0814339512979383, -1728.0, -1.0, 2.985984e6, 0.0, 0.0, 0.0 
1.078946722229829, -1727.84, -0.9999074074074074, 2.9854336e6, 0.0, 0.0, 0.0 
1.076465213629835, -1728.0, -1.0, 2.985984e6, 0.0, 0.0, 0.0 
1.0739894123412448, -1728.0, -1.0, 2.985984e6, 0.0, 0.0, 0.0 
1.0715193052376066, -1728.0, -1.0, 2.985984e6, 0.0, 0.0, 0.0 
1.069054879222658, -1728.0, -1.0, 2.985984e6, 0.0, 0.0, 0.0 
1.066596121230258, -1728.0, -1.0, 2.985984e6, 0.0, 0.0, 0.0 
1.0641430182243161, -1728.0, -1.0, 2.985984e6, 0.0, 0.0, 0.0 
1.0616955571987248, -1728.0, -1.0, 2.985984e6, 0.0, 0.0, 0.0 
1.059253725177289, -1728.0, -1.0, 2.985984e6, 0.0, 0.0, 0.0 
1.0568175092136587, -1728.0, -1.0, 2.985984e6, 0.0, 0.0, 0.0 
1.054386896391259, -1728.0, -1.0, 2.985984e6, 0.0, 0.0, 0.0 
1.051961873823223, -1728.0, -1.0, 2.985984e6, 0.0, 0.0, 0.0 
1.0495424286523223, -1728.0, -1.0, 2.985984e6, 0.0, 0.0, 0.0 
1.0471285480508996, -1728.0, -1.0, 2.985984e6, 0.0, 0.0, 0.0 
1.0447202192208003, -1728.0, -1.0, 2.985984e6, 0.0, 0.0, 0.0 
1.0423174293933042, -1728.0, -1.0, 2.985984e6, 0.0, 0.0, 0.0 
1.0399201658290593, -1728.0, -1.0, 2.985984e6, 0.0, 0.0, 0.0 
1.0375284158180127, -1727.84, -0.9999074074074074, 2.9854336e6, 0.0, 0.0, 0.0 
1.035142166679344, -1728.0, -1.0, 2.985984e6, 0.0, 0.0, 0.0 
1.0327614057613974, -1728.0, -1.0, 2.985984e6, 0.0, 0.0, 0.0 
1.0303861204416163, -1727.84, -0.9999074074074074, 2.9854336e6, 0.0, 0.0, 0.0 
1.0280162981264735, -1728.0, -1.0, 2.985984e6, 0.0, 0.0, 0.0 
1.0256519262514077, -1727.84, -0.9999074074074074, 2.9854336e6, 0.0, 0.0, 0.0 
1.023292992280754, -1728.0, -1.0, 2.985984e6, 0.0, 0.0, 0.0 
1.02093948370768, -1728.0, -1.0, 2.985984e6, 0.0, 0.0, 0.0 
1.018591388054117, -1728.0, -1.0, 2.985984e6, 0.0, 0.0, 0.0 
1.0162486928706957, -1728.0, -1.0, 2.985984e6, 0.0, 0.0, 0.0 
1.0139113857366795, -1728.0, -1.0, 2.985984e6, 0.0, 0.0, 0.0 
1.0115794542598986, -1728.0, -1.0, 2.985984e6, 0.0, 0.0, 0.0 
1.0092528860766845, -1728.0, -1.0, 2.985984e6, 0.0, 0.0, 0.0 
1.0069316688518044, -1728.0, -1.0, 2.985984e6, 0.0, 0.0, 0.0 
1.0046157902783952, -1728.0, -1.0, 2.985984e6, 0.0, 0.0, 0.0 
1.0023052380778998, -1728.0, -1.0, 2.985984e6, 0.0, 0.0, 0.0 
1.0, -1728.0, -1.0, 2.985984e6, 0.0, 0.0, 0.0 
