Simulation:L=9, P_s=1.0, T_swap=2.5, T_1=10.0, T_0=1.0, N_T=100 
Temperature T, <E>(T), <-E/E_0>(T), <E^2>(T), Relaxation Iterations=tau(T), Accepted Candidates A(T), Final Configuration Correlation Function Value 
10.0, -339.56, -0.19650462962962964, 115779.76, 231.0, 165.0, 0.13168724279835392 
9.772372209558107, -340.14, -0.19684027777777777, 116155.72, 409.0, 263.0, 0.12962962962962965 
9.54992586021436, -340.76, -0.19719907407407408, 116709.04, 151.0, 92.0, 0.1337448559670782 
9.33254300796991, -339.5, -0.1964699074074074, 115651.16, 292.5, 191.5, 0.13168724279835392 
9.120108393559098, -352.36, -0.20391203703703706, 124648.64, 121.0, 76.5, 0.1337448559670782 
8.912509381337456, -355.34, -0.20563657407407407, 126887.16, 137.5, 83.0, 0.1337448559670782 
8.709635899560807, -345.54, -0.19996527777777778, 120077.0, 91.0, 55.0, 0.12757201646090535 
8.511380382023765, -354.0, -0.2048611111111111, 125906.16, 156.5, 86.0, 0.13168724279835392 
8.317637711026709, -345.64, -0.20002314814814814, 120062.16, 298.5, 183.5, 0.12757201646090535 
8.128305161640993, -345.88, -0.20016203703703703, 120037.12, 72.0, 42.0, 0.1337448559670782 
7.943282347242815, -357.44, -0.20685185185185184, 128225.36, 573.5, 314.5, 0.12757201646090535 
7.762471166286917, -361.54, -0.20922453703703706, 131202.92, 466.0, 261.5, 0.12551440329218108 
7.5857757502918375, -360.04, -0.2083564814814815, 130276.24, 24.0, 12.0, 0.12757201646090535 
7.413102413009175, -361.12, -0.2089814814814815, 131138.72, 562.5, 308.0, 0.1337448559670782 
7.2443596007499, -362.32, -0.20967592592592593, 131894.56, 130.0, 57.5, 0.1337448559670782 
7.079457843841379, -359.08, -0.20780092592592592, 129398.88, 483.0, 261.5, 0.1337448559670782 
6.918309709189366, -369.7, -0.21394675925925924, 137294.2, 1005.5, 537.0, 0.12962962962962965 
6.760829753919818, -377.7, -0.2185763888888889, 143199.72, 1480.0, 779.0, 0.13168724279835392 
6.60693448007596, -378.28, -0.21891203703703702, 143667.28, 688.0, 323.5, 0.12962962962962965 
6.4565422903465555, -381.62, -0.22084490740740742, 146199.96, 415.5, 192.0, 0.1337448559670782 
6.3095734448019325, -372.7, -0.21568287037037037, 139538.2, 58.0, 29.5, 0.1337448559670782 
6.165950018614822, -367.98, -0.2129513888888889, 136123.96, 208.0, 92.0, 0.12139917695473253 
6.025595860743578, -385.42, -0.2230439814814815, 149053.96, 458.0, 230.5, 0.12757201646090535 
5.88843655355589, -394.88, -0.2285185185185185, 156499.28, 349.5, 146.0, 0.1337448559670782 
5.7543993733715695, -382.88, -0.22157407407407406, 147106.4, 1135.0, 447.0, 0.1337448559670782 
5.623413251903491, -391.26, -0.22642361111111112, 153713.64, 1054.0, 428.5, 0.13168724279835392 
5.495408738576245, -389.82, -0.22559027777777776, 152412.36, 411.0, 173.5, 0.12962962962962965 
5.370317963702527, -407.64, -0.23590277777777777, 166587.44, 384.5, 165.5, 0.12757201646090535 
5.248074602497725, -389.8, -0.2255787037037037, 152463.52, 886.5, 312.5, 0.1337448559670782 
5.128613839913649, -393.64, -0.2278009259259259, 155430.48, 539.5, 202.5, 0.12962962962962965 
5.011872336272724, -420.92, -0.24358796296296298, 177936.64, 654.5, 244.5, 0.1337448559670782 
4.897788193684462, -418.78, -0.24234953703703702, 176176.28, 685.5, 240.5, 0.1337448559670782 
4.786300923226384, -402.74, -0.23306712962962964, 162748.2, 497.0, 172.0, 0.13168724279835392 
4.677351412871982, -405.3, -0.2345486111111111, 164730.76, 537.0, 180.5, 0.13168724279835392 
4.57088189614875, -413.68, -0.23939814814814817, 171559.44, 550.5, 173.0, 0.12757201646090535 
4.466835921509632, -403.4, -0.23344907407407406, 163143.04, 153.5, 47.0, 0.12962962962962965 
4.36515832240166, -427.34, -0.24730324074074073, 183698.28, 432.5, 113.0, 0.1337448559670782 
4.265795188015927, -422.22, -0.24434027777777778, 178996.28, 1701.0, 397.0, 0.13168724279835392 
4.168693834703355, -419.54, -0.24278935185185185, 176526.12, 809.0, 183.0, 0.1337448559670782 
4.073802778041127, -436.96, -0.25287037037037036, 192233.92, 1519.5, 342.0, 0.1337448559670782 
3.9810717055349727, -433.36, -0.25078703703703703, 188404.32, 463.0, 143.5, 0.1337448559670782 
3.8904514499428062, -436.36, -0.25252314814814814, 190923.2, 368.0, 85.5, 0.13168724279835392 
3.801893963205612, -458.98, -0.26561342592592596, 211158.04, 718.5, 158.5, 0.12962962962962965 
3.7153522909717256, -451.58, -0.26133101851851853, 204445.32, 818.5, 156.5, 0.12757201646090535 
3.6307805477010135, -460.74, -0.26663194444444444, 212807.72, 136.5, 27.0, 0.13168724279835392 
3.5481338923357546, -479.02, -0.27721064814814816, 230463.08, 1220.5, 275.5, 0.1337448559670782 
3.467368504525316, -463.46, -0.2682060185185185, 215466.44, 726.5, 129.5, 0.1337448559670782 
3.388441561392026, -479.6, -0.2775462962962963, 230348.32, 38.0, 6.0, 0.12139917695473253 
3.311311214825911, -486.74, -0.28167824074074077, 237687.24, 1468.0, 197.5, 0.1337448559670782 
3.2359365692962827, -492.38, -0.2849421296296296, 242923.0, 1220.5, 191.0, 0.13168724279835392 
3.1622776601683795, -475.88, -0.2753935185185185, 226799.36, 244.0, 23.0, 0.12962962962962965 
3.0902954325135905, -498.5, -0.2884837962962963, 248768.12, 902.0, 101.0, 0.12962962962962965 
3.019951720402016, -489.82, -0.28346064814814814, 240420.52, 230.0, 17.0, 0.13168724279835392 
2.9512092266663856, -500.2, -0.2894675925925926, 250912.32, 7290.5, 583.0, 0.18106995884773663 
2.8840315031266055, -477.24, -0.27618055555555554, 228150.4, 1371.5, 142.0, 0.12551440329218108 
2.8183829312644537, -533.66, -0.3088310185185185, 285956.44, 3254.0, 367.0, 0.1337448559670782 
2.7542287033381663, -537.68, -0.3111574074074074, 289656.4, 1861.5, 170.5, 0.13168724279835392 
2.691534803926916, -509.24, -0.2946990740740741, 259974.64, 3600.0, 188.0, 0.13168724279835392 
2.6302679918953826, -545.98, -0.31596064814814817, 298644.2, 5242.5, 393.0, 0.13168724279835392 
2.570395782768864, -540.6, -0.3128472222222222, 292585.44, 181.5, 21.0, 0.12962962962962965 
2.51188643150958, -543.72, -0.3146527777777778, 297321.84, 197.0, 22.5, 0.13168724279835392 
2.4547089156850306, -598.88, -0.3465740740740741, 360412.0, 3546.0, 1048.0, 0.1337448559670782 
2.398832919019491, -603.32, -0.34914351851851855, 365347.76, 2154.0, 606.5, 0.1337448559670782 
2.3442288153199224, -616.54, -0.35679398148148145, 381351.96, 7290.5, 1856.5, 0.1769547325102881 
2.2908676527677727, -633.86, -0.36681712962962965, 403214.12, 7290.5, 1512.5, 0.1769547325102881 
2.2387211385683394, -639.56, -0.3701157407407407, 410554.88, 6158.0, 1361.5, 0.1337448559670782 
2.1877616239495525, -657.38, -0.3804282407407407, 433505.4, 7290.5, 1619.0, 0.21810699588477367 
2.1379620895022318, -677.48, -0.3920601851851852, 460460.56, 4188.0, 879.5, 0.1337448559670782 
2.089296130854039, -688.76, -0.39858796296296295, 475742.96, 7290.5, 1394.5, 0.19135802469135804 
2.0417379446695296, -713.68, -0.41300925925925924, 511023.84, 7290.5, 1301.0, 0.18106995884773663 
1.99526231496888, -755.66, -0.43730324074074073, 574347.32, 7142.0, 1187.0, 0.1337448559670782 
1.9498445997580456, -744.12, -0.430625, 555545.2, 7290.5, 1066.5, 0.2078189300411523 
1.9054607179632475, -796.12, -0.4607175925925926, 636646.32, 7290.5, 866.0, 0.3497942386831276 
1.8620871366628675, -845.96, -0.4895601851851852, 718524.88, 7290.5, 806.0, 0.2880658436213992 
1.8197008586099837, -880.96, -0.5098148148148148, 781291.92, 7290.5, 891.0, 0.21193415637860083 
1.778279410038923, -1320.7, -0.7642939814814815, 1.79852916e6, 7290.5, 592.0, 0.34567901234567905 
1.7378008287493754, -1682.98, -0.9739467592592592, 2.8326118e6, 7290.5, 127.5, 0.9876543209876544 
1.6982436524617444, -1693.48, -0.9800231481481482, 2.86804592e6, 7290.5, 143.0, 1.0 
1.6595869074375604, -1697.16, -0.9821527777777779, 2.88039152e6, 7290.5, 162.5, 0.9794238683127573 
1.62181009735893, -1696.0, -0.9814814814814815, 2.87646784e6, 7290.5, 165.5, 0.9732510288065844 
1.5848931924611134, -1696.72, -0.9818981481481481, 2.87890752e6, 7290.5, 154.5, 0.977366255144033 
1.5488166189124812, -1698.1, -0.9826967592592593, 2.88357108e6, 7290.5, 153.0, 0.9794238683127573 
1.5135612484362084, -1699.32, -0.9834027777777777, 2.88769768e6, 7290.5, 138.5, 0.9794238683127573 
1.4791083881682077, -1697.22, -0.9821875, 2.88059284e6, 7290.5, 153.0, 0.9855967078189302 
1.4454397707459277, -1698.64, -0.9830092592592593, 2.88539664e6, 7290.5, 151.0, 0.9753086419753088 
1.4125375446227544, -1698.92, -0.9831712962962963, 2.8863448e6, 7290.5, 159.0, 0.9876543209876544 
1.380384264602885, -1698.5, -0.9829282407407407, 2.88492756e6, 7290.5, 134.0, 0.9794238683127573 
1.3489628825916535, -1700.0, -0.9837962962962963, 2.89e6, 7290.5, 157.0, 0.9732510288065844 
1.318256738556407, -1699.84, -0.9837037037037036, 2.88945728e6, 7290.5, 156.0, 0.9876543209876544 
1.2882495516931338, -1699.92, -0.98375, 2.88972864e6, 7290.5, 154.5, 0.977366255144033 
1.2589254117941673, -1700.0, -0.9837962962962963, 2.89e6, 7290.5, 146.5, 0.977366255144033 
1.2302687708123814, -1700.0, -0.9837962962962963, 2.89e6, 7290.5, 164.5, 0.977366255144033 
1.202264434617413, -1700.0, -0.9837962962962963, 2.89e6, 7290.5, 161.0, 0.977366255144033 
1.1748975549395295, -1700.0, -0.9837962962962963, 2.89e6, 7290.5, 159.0, 1.0 
1.148153621496883, -1698.6, -0.982986111111111, 2.8852456e6, 7290.5, 154.5, 0.9876543209876544 
1.1220184543019636, -1695.94, -0.9814467592592593, 2.87621284e6, 7290.5, 127.0, 0.9876543209876544 
1.096478196143185, -1696.0, -0.9814814814814815, 2.876416e6, 7290.5, 156.5, 0.9835390946502058 
1.0715193052376066, -1696.0, -0.9814814814814815, 2.876416e6, 7290.5, 142.5, 0.9835390946502058 
1.0471285480508996, -1697.8, -0.9825231481481481, 2.8825288e6, 7290.5, 143.0, 0.9835390946502058 
1.023292992280754, -1699.92, -0.98375, 2.88972864e6, 7290.5, 157.0, 0.9855967078189302 
1.0, -1700.0, -0.9837962962962963, 2.89e6, 7290.5, 138.5, 0.9753086419753088 
