Simulation:L=9, P_s=0.0, T_swap=2.5, T_1=10.0, T_0=1.0, N_T=100 
Temperature T, <E>(T), <-E/E_0>(T), <E^2>(T), Relaxation Iterations=tau(T), Accepted Candidates A(T), Final Configuration Correlation Function Value 
10.0, -342.64, -0.19828703703703704, 117976.88, 25.0, 18.5, 0.1337448559670782 
9.772372209558107, -337.54, -0.19533564814814816, 114568.36, 227.5, 162.0, 0.1337448559670782 
9.54992586021436, -345.18, -0.19975694444444445, 119665.16, 154.0, 95.0, 0.12139917695473253 
9.33254300796991, -338.04, -0.19562500000000002, 114903.44, 145.5, 88.0, 0.1337448559670782 
9.120108393559098, -345.7, -0.20005787037037037, 120037.64, 272.5, 172.0, 0.1337448559670782 
8.912509381337456, -347.6, -0.20115740740740742, 121430.72, 297.5, 169.0, 0.13168724279835392 
8.709635899560807, -352.06, -0.20373842592592592, 124330.12, 624.0, 354.0, 0.11934156378600824 
8.511380382023765, -358.72, -0.2075925925925926, 129069.44, 241.5, 145.5, 0.12962962962962965 
8.317637711026709, -358.44, -0.20743055555555556, 128868.24, 458.0, 277.0, 0.1337448559670782 
8.128305161640993, -356.1, -0.2060763888888889, 127472.52, 153.5, 88.5, 0.1337448559670782 
7.943282347242815, -359.7, -0.2081597222222222, 129904.2, 62.5, 36.5, 0.12962962962962965 
7.762471166286917, -352.48, -0.20398148148148149, 124682.96, 546.0, 290.0, 0.12551440329218108 
7.5857757502918375, -359.04, -0.20777777777777778, 129594.72, 265.5, 150.0, 0.1337448559670782 
7.413102413009175, -363.48, -0.21034722222222224, 132430.16, 452.0, 240.0, 0.1337448559670782 
7.2443596007499, -363.76, -0.21050925925925926, 132752.64, 527.0, 283.5, 0.1337448559670782 
7.079457843841379, -366.08, -0.21185185185185185, 134545.04, 1277.5, 663.5, 0.13168724279835392 
6.918309709189366, -376.16, -0.2176851851851852, 142131.44, 351.5, 172.5, 0.1337448559670782 
6.760829753919818, -364.14, -0.21072916666666666, 133266.92, 534.5, 254.0, 0.13168724279835392 
6.60693448007596, -376.98, -0.21815972222222224, 142686.52, 541.0, 244.5, 0.1337448559670782 
6.4565422903465555, -370.16, -0.21421296296296297, 137729.84, 190.0, 89.5, 0.1337448559670782 
6.3095734448019325, -378.78, -0.21920138888888888, 143894.52, 858.0, 418.5, 0.13168724279835392 
6.165950018614822, -383.98, -0.22221064814814817, 148083.32, 116.5, 45.5, 0.12551440329218108 
6.025595860743578, -368.86, -0.21346064814814816, 136823.08, 1679.5, 744.0, 0.1234567901234568 
5.88843655355589, -390.48, -0.22597222222222224, 153313.68, 227.0, 102.5, 0.13168724279835392 
5.7543993733715695, -382.2, -0.22118055555555555, 146513.36, 1332.0, 561.5, 0.1337448559670782 
5.623413251903491, -386.34, -0.22357638888888887, 149762.68, 405.5, 145.5, 0.12962962962962965 
5.495408738576245, -382.64, -0.22143518518518518, 147379.92, 308.0, 118.0, 0.1337448559670782 
5.370317963702527, -389.46, -0.22538194444444443, 152195.72, 187.0, 95.0, 0.12962962962962965 
5.248074602497725, -389.36, -0.2253240740740741, 152154.8, 846.0, 331.5, 0.12757201646090535 
5.128613839913649, -401.3, -0.2322337962962963, 161503.96, 286.0, 101.5, 0.1337448559670782 
5.011872336272724, -409.98, -0.23725694444444445, 168931.16, 197.0, 74.0, 0.13168724279835392 
4.897788193684462, -414.48, -0.2398611111111111, 172162.56, 454.5, 169.0, 0.13168724279835392 
4.786300923226384, -397.46, -0.23001157407407405, 158345.24, 1006.0, 362.5, 0.1337448559670782 
4.677351412871982, -392.42, -0.22709490740740743, 154719.56, 89.0, 30.5, 0.12757201646090535 
4.57088189614875, -417.84, -0.24180555555555555, 175562.16, 407.5, 139.5, 0.12962962962962965 
4.466835921509632, -421.06, -0.24366898148148147, 178199.72, 441.0, 141.0, 0.1337448559670782 
4.36515832240166, -429.66, -0.24864583333333334, 185181.96, 159.5, 54.5, 0.13168724279835392 
4.265795188015927, -417.28, -0.24148148148148146, 174743.28, 336.0, 94.5, 0.1337448559670782 
4.168693834703355, -437.08, -0.2529398148148148, 191473.68, 2526.0, 661.5, 0.12962962962962965 
4.073802778041127, -436.3, -0.2524884259259259, 190789.8, 2180.5, 507.5, 0.13168724279835392 
3.9810717055349727, -435.72, -0.2521527777777778, 190489.84, 219.5, 71.5, 0.13168724279835392 
3.8904514499428062, -452.3, -0.2617476851851852, 204866.36, 680.5, 164.0, 0.13168724279835392 
3.801893963205612, -460.22, -0.26633101851851854, 212473.32, 471.0, 80.5, 0.12962962962962965 
3.7153522909717256, -437.14, -0.25297453703703704, 191579.88, 216.0, 50.5, 0.1337448559670782 
3.6307805477010135, -445.34, -0.2577199074074074, 198665.88, 3461.5, 651.5, 0.1337448559670782 
3.5481338923357546, -465.34, -0.2692939814814815, 217319.8, 482.5, 67.5, 0.12551440329218108 
3.467368504525316, -451.1, -0.26105324074074077, 204809.0, 1873.0, 362.5, 0.13168724279835392 
3.388441561392026, -459.06, -0.2656597222222222, 211240.44, 1210.5, 184.0, 0.13168724279835392 
3.311311214825911, -502.8, -0.29097222222222224, 254164.88, 1777.5, 245.5, 0.12551440329218108 
3.2359365692962827, -463.94, -0.2684837962962963, 215824.04, 1426.0, 185.0, 0.13168724279835392 
3.1622776601683795, -476.28, -0.275625, 227774.56, 1557.5, 183.5, 0.1337448559670782 
3.0902954325135905, -500.66, -0.2897337962962963, 251365.8, 1194.5, 153.0, 0.13168724279835392 
3.019951720402016, -495.72, -0.286875, 246338.56, 392.0, 39.5, 0.13168724279835392 
2.9512092266663856, -515.1, -0.2980902777777778, 266038.36, 1301.5, 110.0, 0.1337448559670782 
2.8840315031266055, -503.64, -0.2914583333333333, 254305.84, 3698.0, 347.0, 0.1337448559670782 
2.8183829312644537, -498.42, -0.2884375, 248835.8, 2765.5, 197.0, 0.1337448559670782 
2.7542287033381663, -507.18, -0.2935069444444445, 257613.0, 5397.0, 392.0, 0.12962962962962965 
2.691534803926916, -528.62, -0.30591435185185184, 279998.6, 61.0, 8.5, 0.12962962962962965 
2.6302679918953826, -546.8, -0.31643518518518515, 299338.8, 7290.5, 391.5, 0.1934156378600823 
2.570395782768864, -591.82, -0.34248842592592593, 351680.36, 7290.5, 415.0, 0.1934156378600823 
2.51188643150958, -578.88, -0.335, 338657.84, 7290.5, 439.0, 0.18724279835390947 
2.4547089156850306, -547.12, -0.3166203703703704, 299753.6, 7290.5, 272.5, 0.2242798353909465 
2.398832919019491, -615.42, -0.35614583333333333, 381446.28, 7290.5, 338.0, 0.1954732510288066 
2.3442288153199224, -589.36, -0.3410648148148148, 347815.2, 7290.5, 256.5, 0.25102880658436216 
2.2908676527677727, -625.08, -0.36173611111111115, 391337.2, 7290.5, 134.0, 0.29629629629629634 
2.2387211385683394, -618.64, -0.35800925925925925, 383172.56, 7290.5, 187.5, 0.5349794238683128 
2.1877616239495525, -691.68, -0.40027777777777773, 478648.0, 7290.5, 121.5, 0.35596707818930046 
2.1379620895022318, -689.18, -0.3988310185185185, 475362.04, 7290.5, 8.0, 1.0 
2.089296130854039, -684.92, -0.3963657407407407, 469285.76, 7290.5, 112.5, 0.9156378600823046 
2.0417379446695296, -679.88, -0.3934490740740741, 462516.8, 7290.5, 164.5, 0.44650205761316875 
1.99526231496888, -665.22, -0.3849652777777778, 442720.04, 1734.5, 46.0, 0.12139917695473253 
1.9498445997580456, -716.32, -0.4145370370370371, 513300.8, 7290.5, 148.0, 0.411522633744856 
1.9054607179632475, -713.34, -0.4128125, 508895.4, 7290.5, 24.0, 1.0 
1.8620871366628675, -717.56, -0.4152546296296296, 514897.76, 7290.5, 6.0, 1.0 
1.8197008586099837, -711.68, -0.4118518518518518, 506560.8, 7290.5, 4.0, 1.0 
1.778279410038923, -721.04, -0.4172685185185185, 519935.04, 7290.5, 5.0, 0.8148148148148149 
1.7378008287493754, -724.84, -0.4194675925925926, 525398.24, 7290.5, 50.0, 1.0 
1.6982436524617444, -725.62, -0.4199189814814815, 526533.72, 7290.5, 52.0, 1.0 
1.6595869074375604, -736.34, -0.4261226851851852, 542222.28, 7290.5, 1.0, 1.0 
1.62181009735893, -744.82, -0.4310300925925926, 554761.48, 7290.5, 67.0, 0.4588477366255144 
1.5848931924611134, -744.82, -0.4310300925925926, 554758.6, 7290.5, 80.5, 0.7921810699588478 
1.5488166189124812, -745.44, -0.43138888888888893, 555683.2, 7290.5, 63.0, 1.0 
1.5135612484362084, -743.62, -0.4303356481481482, 552972.52, 7290.5, 72.5, 0.7880658436213992 
1.4791083881682077, -745.22, -0.4312615740740741, 555356.68, 7290.5, 61.0, 1.0 
1.4454397707459277, -745.8, -0.4315972222222222, 556218.0, 7290.5, 52.0, 1.0 
1.4125375446227544, -744.82, -0.4310300925925926, 554758.84, 7290.5, 57.0, 1.0 
1.380384264602885, -744.64, -0.43092592592592593, 554491.04, 7290.5, 63.0, 1.0 
1.3489628825916535, -745.56, -0.4314583333333333, 555860.4, 7290.5, 60.5, 0.7880658436213992 
1.318256738556407, -745.72, -0.4315509259259259, 556098.8, 7290.5, 51.5, 0.7880658436213992 
1.2882495516931338, -743.72, -0.43039351851851854, 553121.28, 7290.5, 48.0, 1.0 
1.2589254117941673, -743.68, -0.43037037037037035, 553060.56, 7290.5, 67.0, 1.0 
1.2302687708123814, -743.66, -0.43035879629629625, 553031.08, 7290.5, 54.0, 1.0 
1.202264434617413, -743.56, -0.4303009259259259, 552882.4, 7290.5, 60.5, 0.7921810699588478 
1.1748975549395295, -745.24, -0.43127314814814816, 555383.84, 7290.5, 55.5, 0.7921810699588478 
1.148153621496883, -745.6, -0.4314814814814815, 555921.28, 7290.5, 38.5, 0.7880658436213992 
1.1220184543019636, -745.76, -0.43157407407407405, 556158.4, 7290.5, 53.0, 1.0 
1.096478196143185, -745.74, -0.4315625, 556128.6, 7290.5, 34.0, 1.0 
1.0715193052376066, -745.74, -0.4315625, 556128.6, 7290.5, 36.0, 1.0 
1.0471285480508996, -745.68, -0.43152777777777773, 556039.2, 7290.5, 33.0, 1.0 
1.023292992280754, -745.7, -0.4315393518518519, 556069.48, 7290.5, 43.5, 0.7880658436213992 
1.0, -745.82, -0.43160879629629634, 556247.8, 7290.5, 25.0, 1.0 
