Simulation:L=9, P_s=0.01, T_swap=2.5, T_1=10.0, T_0=1.0, N_T=100 
Temperature T, <E>(T), <-E/E_0>(T), <E^2>(T), Relaxation Iterations=tau(T), Accepted Candidates A(T), Final Configuration Correlation Function Value 
10.0, -335.84, -0.19435185185185183, 113286.96, 376.0, 247.5, 0.11934156378600824 
9.772372209558107, -347.9, -0.2013310185185185, 121545.8, 407.0, 243.5, 0.13168724279835392 
9.54992586021436, -350.3, -0.20271990740740742, 123307.64, 559.5, 353.5, 0.12962962962962965 
9.33254300796991, -334.94, -0.19383101851851853, 112785.32, 233.5, 143.5, 0.1337448559670782 
9.120108393559098, -350.8, -0.20300925925925928, 123586.96, 103.5, 71.0, 0.1337448559670782 
8.912509381337456, -347.66, -0.20119212962962965, 121377.16, 648.5, 414.0, 0.12962962962962965 
8.709635899560807, -343.44, -0.19875, 118585.36, 478.0, 296.0, 0.1337448559670782 
8.511380382023765, -348.24, -0.20152777777777778, 121869.68, 160.5, 100.5, 0.1337448559670782 
8.317637711026709, -353.8, -0.20474537037037038, 125588.64, 25.5, 15.0, 0.12757201646090535 
8.128305161640993, -365.1, -0.21128472222222225, 134037.32, 114.5, 61.0, 0.1337448559670782 
7.943282347242815, -355.96, -0.20599537037037036, 127235.36, 209.0, 130.0, 0.12757201646090535 
7.762471166286917, -345.44, -0.1999074074074074, 120189.44, 102.5, 49.5, 0.13168724279835392 
7.5857757502918375, -363.22, -0.21019675925925926, 132460.44, 661.0, 345.0, 0.1337448559670782 
7.413102413009175, -360.84, -0.20881944444444442, 130893.84, 149.5, 86.0, 0.1337448559670782 
7.2443596007499, -377.1, -0.21822916666666667, 142750.52, 1452.0, 747.0, 0.1337448559670782 
7.079457843841379, -356.06, -0.20605324074074075, 127380.04, 63.0, 36.0, 0.1337448559670782 
6.918309709189366, -375.0, -0.2170138888888889, 141305.68, 509.0, 258.0, 0.13168724279835392 
6.760829753919818, -360.58, -0.20866898148148147, 130498.44, 126.5, 58.5, 0.13168724279835392 
6.60693448007596, -375.0, -0.2170138888888889, 141289.28, 365.0, 171.0, 0.13168724279835392 
6.4565422903465555, -368.28, -0.21312499999999998, 136481.36, 33.0, 15.5, 0.1337448559670782 
6.3095734448019325, -382.78, -0.2215162037037037, 147227.72, 34.5, 18.0, 0.12962962962962965 
6.165950018614822, -381.28, -0.22064814814814812, 145986.24, 1067.0, 493.0, 0.1234567901234568 
6.025595860743578, -388.5, -0.2248263888888889, 151782.2, 203.0, 89.0, 0.13168724279835392 
5.88843655355589, -385.18, -0.22290509259259259, 148844.76, 1481.0, 653.5, 0.1234567901234568 
5.7543993733715695, -383.26, -0.22179398148148147, 147427.64, 640.0, 319.0, 0.1337448559670782 
5.623413251903491, -380.06, -0.21994212962962964, 144877.64, 115.5, 54.5, 0.1337448559670782 
5.495408738576245, -383.68, -0.22203703703703703, 147738.72, 59.0, 24.0, 0.1337448559670782 
5.370317963702527, -387.06, -0.22399305555555557, 150371.32, 226.0, 87.0, 0.12757201646090535 
5.248074602497725, -400.0, -0.23148148148148148, 160526.08, 1470.5, 549.0, 0.1337448559670782 
5.128613839913649, -404.8, -0.23425925925925928, 164620.16, 202.5, 76.0, 0.1234567901234568 
5.011872336272724, -407.74, -0.23596064814814816, 167101.0, 273.0, 103.5, 0.1337448559670782 
4.897788193684462, -404.0, -0.2337962962962963, 163882.48, 346.0, 108.0, 0.1337448559670782 
4.786300923226384, -411.08, -0.2378935185185185, 169562.0, 355.5, 122.0, 0.12962962962962965 
4.677351412871982, -432.94, -0.2505439814814815, 187901.72, 65.5, 19.5, 0.13168724279835392 
4.57088189614875, -412.48, -0.23870370370370372, 170642.64, 493.0, 146.5, 0.13168724279835392 
4.466835921509632, -426.82, -0.2470023148148148, 182539.08, 47.0, 18.5, 0.13168724279835392 
4.36515832240166, -418.74, -0.24232638888888888, 175787.48, 770.0, 189.0, 0.1337448559670782 
4.265795188015927, -423.68, -0.2451851851851852, 180095.92, 1621.0, 433.5, 0.13168724279835392 
4.168693834703355, -424.28, -0.2455324074074074, 180525.28, 722.0, 215.5, 0.13168724279835392 
4.073802778041127, -428.52, -0.2479861111111111, 184209.28, 407.5, 109.0, 0.1234567901234568 
3.9810717055349727, -428.02, -0.24769675925925924, 183877.88, 1098.5, 244.5, 0.12757201646090535 
3.8904514499428062, -431.28, -0.24958333333333332, 187487.44, 402.5, 119.5, 0.12757201646090535 
3.801893963205612, -439.76, -0.25449074074074074, 193898.72, 2393.5, 505.0, 0.1337448559670782 
3.7153522909717256, -453.36, -0.2623611111111111, 206265.84, 1489.5, 278.5, 0.13168724279835392 
3.6307805477010135, -458.52, -0.26534722222222223, 211191.52, 243.5, 41.0, 0.12962962962962965 
3.5481338923357546, -471.0, -0.2725694444444444, 222434.24, 1936.5, 288.5, 0.12962962962962965 
3.467368504525316, -474.04, -0.2743287037037037, 225544.72, 827.5, 115.5, 0.13168724279835392 
3.388441561392026, -478.32, -0.2768055555555555, 229662.64, 753.0, 114.0, 0.1337448559670782 
3.311311214825911, -464.3, -0.26869212962962963, 216024.28, 1743.5, 207.5, 0.12757201646090535 
3.2359365692962827, -485.76, -0.2811111111111111, 236668.16, 2268.5, 307.0, 0.12962962962962965 
3.1622776601683795, -496.94, -0.2875810185185185, 247553.48, 682.0, 83.0, 0.13168724279835392 
3.0902954325135905, -502.22, -0.2906365740740741, 252686.92, 147.5, 20.5, 0.1131687242798354 
3.019951720402016, -480.44, -0.2780324074074074, 231874.32, 2737.5, 294.5, 0.13168724279835392 
2.9512092266663856, -505.22, -0.2923726851851852, 255886.04, 1033.0, 80.5, 0.12962962962962965 
2.8840315031266055, -518.22, -0.29989583333333336, 269203.64, 2623.0, 213.0, 0.12962962962962965 
2.8183829312644537, -542.5, -0.31394675925925924, 295258.44, 217.0, 28.5, 0.1337448559670782 
2.7542287033381663, -543.84, -0.31472222222222224, 296183.84, 7290.5, 590.0, 0.16049382716049385 
2.691534803926916, -549.02, -0.3177199074074074, 302248.52, 251.0, 30.0, 0.1337448559670782 
2.6302679918953826, -536.68, -0.31057870370370366, 288560.88, 6743.5, 422.5, 0.12757201646090535 
2.570395782768864, -553.6, -0.32037037037037036, 307076.16, 1397.5, 73.0, 0.11728395061728396 
2.51188643150958, -564.24, -0.3265277777777778, 318794.56, 7290.5, 329.5, 0.2078189300411523 
2.4547089156850306, -558.96, -0.3234722222222222, 312712.64, 697.0, 50.0, 0.1234567901234568 
2.398832919019491, -593.64, -0.34354166666666663, 353483.44, 7290.5, 349.0, 0.19135802469135804 
2.3442288153199224, -586.76, -0.33956018518518516, 345902.8, 6137.5, 319.0, 0.1337448559670782 
2.2908676527677727, -597.02, -0.3454976851851852, 358142.84, 7290.5, 241.5, 0.19135802469135804 
2.2387211385683394, -612.76, -0.3546064814814815, 376523.36, 7290.5, 171.5, 0.24485596707818932 
2.1877616239495525, -698.18, -0.4040393518518518, 488613.88, 7290.5, 78.5, 0.3580246913580247 
2.1379620895022318, -660.7, -0.38234953703703706, 438007.8, 7290.5, 124.5, 0.448559670781893 
2.089296130854039, -597.94, -0.3460300925925926, 358790.2, 7290.5, 213.0, 0.20370370370370372 
2.0417379446695296, -674.9, -0.39056712962962964, 456043.8, 7290.5, 238.5, 0.20987654320987656 
1.99526231496888, -723.04, -0.4184259259259259, 524456.96, 7290.5, 106.0, 0.271604938271605 
1.9498445997580456, -697.4, -0.40358796296296295, 486760.72, 7290.5, 124.0, 0.37448559670781895 
1.9054607179632475, -747.76, -0.4327314814814815, 559855.68, 7290.5, 49.0, 0.9135802469135803 
1.8620871366628675, -743.08, -0.4300231481481482, 553125.52, 7290.5, 15.0, 0.8909465020576133 
1.8197008586099837, -834.42, -0.48288194444444443, 697501.4, 7290.5, 12.5, 0.7386831275720165 
1.778279410038923, -871.34, -0.5042476851851853, 759520.28, 7290.5, 5.0, 0.9691358024691359 
1.7378008287493754, -893.46, -0.5170486111111111, 798957.0, 7290.5, 5.5, 0.9526748971193416 
1.6982436524617444, -947.02, -0.5480439814814815, 897096.2, 7290.5, 6.0, 0.9362139917695474 
1.6595869074375604, -962.48, -0.5569907407407407, 926939.2, 7290.5, 12.5, 0.9135802469135803 
1.62181009735893, -1031.04, -0.5966666666666667, 1.06348256e6, 7290.5, 7.0, 0.9588477366255145 
1.5848931924611134, -1074.44, -0.6217824074074074, 1.15464048e6, 7290.5, 3.5, 0.9670781893004116 
1.5488166189124812, -1034.7, -0.5987847222222222, 1.07072356e6, 7290.5, 8.0, 0.9917695473251029 
1.5135612484362084, -1098.8, -0.6358796296296296, 1.20811128e6, 7290.5, 4.5, 0.9650205761316873 
1.4791083881682077, -1113.66, -0.6444791666666667, 1.2405042e6, 7290.5, 2.5, 0.9835390946502058 
1.4454397707459277, -1142.18, -0.6609837962962963, 1.30499412e6, 7290.5, 4.0, 0.9897119341563787 
1.4125375446227544, -1194.5, -0.6912615740740741, 1.4271406e6, 7290.5, 5.0, 0.9876543209876544 
1.380384264602885, -1237.5, -0.7161458333333334, 1.53152756e6, 7290.5, 2.0, 0.9835390946502058 
1.3489628825916535, -1269.78, -0.7348263888888888, 1.61236668e6, 7290.5, 2.0, 0.9958847736625516 
1.318256738556407, -1283.92, -0.7430092592592593, 1.648518e6, 7290.5, 3.0, 0.9917695473251029 
1.2882495516931338, -1303.24, -0.7541898148148148, 1.69846592e6, 7290.5, 2.5, 0.9855967078189302 
1.2589254117941673, -1310.98, -0.7586689814814815, 1.71875348e6, 7290.5, 2.0, 0.9958847736625516 
1.2302687708123814, -1332.0, -0.7708333333333334, 1.7742916e6, 7290.5, 1.0, 0.9958847736625516 
1.202264434617413, -1336.1, -0.7732060185185184, 1.78519972e6, 7290.5, 1.0, 0.9897119341563787 
1.1748975549395295, -1340.88, -0.7759722222222223, 1.79797328e6, 7290.5, 1.0, 0.9897119341563787 
1.148153621496883, -1366.18, -0.790613425925926, 1.8664934e6, 7290.5, 4.0, 0.9958847736625516 
1.1220184543019636, -1379.32, -0.7982175925925925, 1.90252456e6, 7290.5, 3.0, 0.9938271604938272 
1.096478196143185, -1375.5, -0.7960069444444444, 1.8920154e6, 7290.5, 2.0, 1.0 
1.0715193052376066, -1386.96, -0.8026388888888889, 1.92365936e6, 7290.5, 1.5, 0.9897119341563787 
1.0471285480508996, -1390.04, -0.8044212962962963, 1.9322196e6, 7290.5, 3.0, 1.0 
1.023292992280754, -1388.66, -0.8036226851851852, 1.92838124e6, 7290.5, 2.0, 1.0 
1.0, -1384.32, -0.8011111111111111, 1.91635936e6, 7290.5, 2.0, 0.9958847736625516 
