Simulation:L=5, P_s=1.0, T_swap=2.0, T_1=10.0, T_0=0.1, N_T=100 
Temperature T, <E>(T), <-E/E_0>(T), <E^2>(T), Relaxation Iterations=tau(T), Accepted Candidates A(T), Final Configuration Correlation Function Value 
10.0, -111.7, -0.23270833333333335, 12734.952, 5000.5, 3319.0, 0.21333333333333335 
9.54992586021436, -114.012, -0.23752500000000001, 13256.488, 5000.5, 3249.5, 0.25333333333333335 
9.120108393559098, -117.916, -0.24565833333333334, 14181.256, 5000.5, 3206.0, 0.29333333333333333 
8.709635899560807, -116.368, -0.24243333333333333, 13789.056, 5000.5, 3086.5, 0.32666666666666666 
8.317637711026709, -116.836, -0.24340833333333334, 13917.944, 5000.5, 2965.5, 0.22 
7.943282347242815, -119.016, -0.24795, 14443.792, 5000.5, 2858.5, 0.22 
7.5857757502918375, -121.06, -0.2522083333333333, 14946.296, 5000.5, 2910.5, 0.22666666666666668 
7.2443596007499, -121.42, -0.25295833333333334, 15012.104, 5000.5, 2803.5, 0.29333333333333333 
6.918309709189366, -124.744, -0.25988333333333336, 15841.456, 5000.5, 2655.0, 0.23333333333333334 
6.60693448007596, -127.664, -0.2659666666666667, 16610.08, 5000.5, 2508.5, 0.26666666666666666 
6.3095734448019325, -125.98, -0.26245833333333335, 16128.696, 5000.5, 2524.5, 0.23333333333333334 
6.025595860743578, -131.112, -0.27315, 17509.632, 5000.5, 2311.5, 0.2 
5.7543993733715695, -132.368, -0.27576666666666666, 17816.48, 5000.5, 2148.5, 0.32 
5.495408738576245, -132.988, -0.27705833333333335, 17982.136, 5000.5, 2114.5, 0.2866666666666667 
5.248074602497725, -136.9, -0.28520833333333334, 19033.688, 5000.5, 1994.5, 0.30000000000000004 
5.011872336272724, -138.212, -0.28794166666666665, 19427.352, 5000.5, 1977.0, 0.28 
4.786300923226383, -138.808, -0.2891833333333333, 19566.256, 5000.5, 1811.5, 0.32666666666666666 
4.57088189614875, -142.68, -0.29725, 20650.848, 5000.5, 1655.5, 0.21333333333333335 
4.36515832240166, -148.112, -0.30856666666666666, 22301.6, 5000.5, 1508.5, 0.3666666666666667 
4.168693834703355, -148.052, -0.30844166666666667, 22250.44, 5000.5, 1411.5, 0.24666666666666667 
3.9810717055349727, -150.104, -0.3127166666666667, 22866.496, 5000.5, 1113.5, 0.35333333333333333 
3.801893963205612, -158.704, -0.33063333333333333, 25469.824, 5000.5, 1257.5, 0.3066666666666667 
3.6307805477010135, -160.192, -0.3337333333333333, 25979.392, 5000.5, 952.5, 0.30000000000000004 
3.467368504525316, -167.044, -0.34800833333333336, 28201.56, 5000.5, 930.5, 0.24666666666666667 
3.311311214825911, -167.428, -0.34880833333333333, 28327.928, 5000.5, 796.5, 0.21333333333333335 
3.1622776601683795, -169.116, -0.35232500000000005, 28898.92, 5000.5, 896.5, 0.28 
3.019951720402016, -177.444, -0.369675, 31821.352, 5000.5, 733.5, 0.33333333333333337 
2.8840315031266055, -189.36, -0.3945, 36374.704, 5000.5, 537.0, 0.33333333333333337 
2.7542287033381663, -202.484, -0.42184166666666667, 41757.272, 5000.5, 473.5, 0.39333333333333337 
2.6302679918953817, -247.808, -0.5162666666666667, 61868.672, 5000.5, 557.0, 0.4 
2.51188643150958, -249.116, -0.5189916666666667, 62949.864, 5000.5, 186.5, 0.6866666666666668 
2.3988329190194904, -236.968, -0.4936833333333333, 56662.128, 5000.5, 334.5, 0.3666666666666667 
2.2908676527677727, -243.228, -0.506725, 59615.896, 5000.5, 311.5, 0.7933333333333333 
2.1877616239495525, -259.964, -0.5415916666666667, 67731.176, 5000.5, 193.5, 0.7866666666666667 
2.089296130854039, -271.356, -0.565325, 73715.72, 5000.5, 76.5, 0.8533333333333334 
1.9952623149688797, -183.752, -0.3828166666666667, 34138.784, 5000.5, 649.5, 0.25333333333333335 
1.9054607179632475, -194.556, -0.40532500000000005, 38348.472, 5000.5, 829.0, 0.28 
1.8197008586099837, -210.188, -0.4378916666666666, 45085.592, 5000.5, 737.5, 0.22 
1.7378008287493754, -242.108, -0.5043916666666667, 60312.552, 5000.5, 452.0, 0.33333333333333337 
1.6595869074375604, -288.456, -0.60095, 86556.368, 5000.5, 291.5, 0.46 
1.5848931924611134, -344.024, -0.7167166666666667, 118982.496, 5000.5, 330.5, 0.33333333333333337 
1.5135612484362082, -361.412, -0.7529416666666666, 130817.896, 5000.5, 117.5, 0.8 
1.4454397707459277, -366.468, -0.763475, 134478.776, 5000.5, 80.0, 0.8200000000000001 
1.380384264602885, -371.376, -0.7736999999999999, 138025.392, 5000.5, 107.0, 0.8666666666666667 
1.318256738556407, -376.536, -0.78445, 141865.104, 5000.5, 83.5, 0.7933333333333333 
1.2589254117941673, -377.676, -0.786825, 142720.424, 5000.5, 18.5, 0.9333333333333333 
1.202264434617413, -380.152, -0.7919833333333333, 144574.448, 5000.5, 67.0, 0.8466666666666667 
1.148153621496883, -382.16, -0.7961666666666667, 146090.24, 5000.5, 39.5, 0.8466666666666667 
1.096478196143185, -383.732, -0.7994416666666667, 147290.12, 5000.5, 27.5, 0.8866666666666667 
1.0471285480508996, -385.244, -0.8025916666666667, 148444.536, 5000.5, 70.0, 0.8466666666666667 
1.0, -390.284, -0.8130916666666667, 152341.704, 5000.5, 34.0, 0.9533333333333334 
0.9549925860214359, -389.4, -0.8112499999999999, 151645.328, 5000.5, 33.0, 0.8733333333333334 
0.9120108393559097, -388.12, -0.8085833333333333, 150651.872, 5000.5, 15.5, 0.9333333333333333 
0.8709635899560806, -390.828, -0.814225, 152756.44, 5000.5, 20.5, 0.9266666666666667 
0.8317637711026709, -391.016, -0.8146166666666667, 152901.056, 5000.5, 18.0, 0.9866666666666667 
0.7943282347242814, -391.212, -0.815025, 153053.352, 5000.5, 18.0, 0.9733333333333334 
0.7585775750291835, -392.384, -0.8174666666666667, 153968.88, 5000.5, 17.5, 0.9866666666666667 
0.7244359600749903, -391.748, -0.8161416666666667, 153473.608, 5000.5, 25.5, 0.8933333333333334 
0.6918309709189365, -393.148, -0.8190583333333333, 154567.688, 5000.5, 21.0, 0.9866666666666667 
0.6606934480075961, -391.644, -0.815925, 153386.888, 5000.5, 16.5, 1.0 
0.6309573444801932, -393.388, -0.8195583333333333, 154755.304, 5000.5, 16.0, 0.9866666666666667 
0.6025595860743578, -393.896, -0.8206166666666667, 155154.272, 5000.5, 28.5, 1.0 
0.5754399373371569, -393.604, -0.8200083333333333, 154924.904, 5000.5, 18.0, 0.9733333333333334 
0.5495408738576245, -393.66, -0.8201250000000001, 154968.808, 5000.5, 21.5, 0.9733333333333334 
0.5248074602497725, -393.864, -0.82055, 155129.168, 5000.5, 16.5, 0.9866666666666667 
0.5011872336272722, -393.776, -0.8203666666666667, 155059.984, 5000.5, 23.0, 0.9866666666666667 
0.4786300923226383, -393.636, -0.820075, 154949.928, 5000.5, 12.0, 1.0 
0.4570881896148749, -393.644, -0.8200916666666667, 154956.216, 5000.5, 21.0, 0.9866666666666667 
0.4365158322401659, -393.708, -0.8202250000000001, 155006.536, 5000.5, 18.5, 0.9866666666666667 
0.41686938347033553, -393.932, -0.8206916666666667, 155182.552, 5000.5, 19.5, 0.9733333333333334 
0.3981071705534973, -393.876, -0.8205749999999999, 155138.536, 5000.5, 19.0, 0.9733333333333334 
0.38018939632056126, -393.852, -0.820525, 155119.688, 5000.5, 20.0, 1.0 
0.36307805477010135, -393.88, -0.8205833333333333, 155141.68, 5000.5, 22.5, 0.9866666666666667 
0.34673685045253166, -393.976, -0.8207833333333333, 155217.136, 5000.5, 22.5, 0.9866666666666667 
0.33113112148259116, -393.884, -0.8205916666666667, 155144.824, 5000.5, 21.5, 1.0 
0.3162277660168379, -393.98, -0.8207916666666667, 155220.28, 5000.5, 18.5, 0.9866666666666667 
0.3019951720402016, -393.992, -0.8208166666666667, 155229.712, 5000.5, 17.0, 0.9866666666666667 
0.28840315031266056, -394.0, -0.8208333333333333, 155236.0, 5000.5, 16.0, 0.9866666666666667 
0.2754228703338166, -394.0, -0.8208333333333333, 155236.0, 5000.5, 17.5, 0.9866666666666667 
0.26302679918953814, -394.0, -0.8208333333333333, 155236.0, 5000.5, 19.0, 0.9866666666666667 
0.25118864315095796, -394.0, -0.8208333333333333, 155236.0, 5000.5, 18.0, 0.9866666666666667 
0.23988329190194901, -394.0, -0.8208333333333333, 155236.0, 5000.5, 15.0, 1.0 
0.22908676527677738, -394.0, -0.8208333333333333, 155236.0, 5000.5, 21.0, 0.9866666666666667 
0.2187761623949553, -394.0, -0.8208333333333333, 155236.0, 5000.5, 14.0, 1.0 
0.208929613085404, -394.0, -0.8208333333333333, 155236.0, 5000.5, 13.0, 0.9866666666666667 
0.19952623149688797, -394.0, -0.8208333333333333, 155236.0, 5000.5, 16.0, 1.0 
0.19054607179632474, -394.0, -0.8208333333333333, 155236.0, 5000.5, 16.5, 0.9866666666666667 
0.18197008586099836, -394.0, -0.8208333333333333, 155236.0, 5000.5, 23.5, 0.9866666666666667 
0.17378008287493754, -394.0, -0.8208333333333333, 155236.0, 5000.5, 19.0, 0.9866666666666667 
0.16595869074375605, -394.0, -0.8208333333333333, 155236.0, 5000.5, 15.5, 1.0 
0.15848931924611134, -394.0, -0.8208333333333333, 155236.0, 5000.5, 22.5, 0.9866666666666667 
0.1513561248436208, -394.0, -0.8208333333333333, 155236.0, 5000.5, 18.5, 0.9866666666666667 
0.1445439770745927, -394.0, -0.8208333333333333, 155236.0, 5000.5, 14.0, 0.9866666666666667 
0.13803842646028847, -394.0, -0.8208333333333333, 155236.0, 5000.5, 16.0, 1.0 
0.13182567385564076, -394.0, -0.8208333333333333, 155236.0, 5000.5, 16.5, 1.0 
0.12589254117941676, -394.0, -0.8208333333333333, 155236.0, 5000.5, 17.5, 1.0 
0.12022644346174131, -394.0, -0.8208333333333333, 155236.0, 5000.5, 18.0, 1.0 
0.1148153621496883, -394.0, -0.8208333333333333, 155236.0, 5000.5, 18.5, 0.9866666666666667 
0.1096478196143185, -394.0, -0.8208333333333333, 155236.0, 5000.5, 16.5, 0.9866666666666667 
0.10471285480508996, -394.0, -0.8208333333333333, 155236.0, 5000.5, 15.0, 0.9866666666666667 
0.1, -394.0, -0.8208333333333333, 155236.0, 5000.5, 18.0, 1.0 
