Simulation:L=5, P_s=0.01, T_swap=2.0, T_1=10.0, T_0=0.1, N_T=100 
Temperature T, <E>(T), <-E/E_0>(T), <E^2>(T), Relaxation Iterations=tau(T), Accepted Candidates A(T), Final Configuration Correlation Function Value 
10.0, -112.712, -0.23481666666666667, 12959.344, 5000.5, 3378.0, 0.24000000000000002 
9.54992586021436, -114.18, -0.237875, 13276.328, 5000.5, 3203.5, 0.23333333333333334 
9.120108393559098, -116.0, -0.24166666666666667, 13728.896, 5000.5, 3210.0, 0.24666666666666667 
8.709635899560807, -117.172, -0.24410833333333332, 14007.48, 5000.5, 3151.0, 0.26666666666666666 
8.317637711026709, -118.992, -0.2479, 14455.28, 5000.5, 2990.5, 0.32666666666666666 
7.943282347242815, -120.212, -0.2504416666666667, 14759.768, 5000.5, 2982.5, 0.24666666666666667 
7.5857757502918375, -121.596, -0.253325, 15098.808, 5000.5, 2858.0, 0.31333333333333335 
7.2443596007499, -123.6, -0.2575, 15509.328, 5000.5, 2681.5, 0.3066666666666667 
6.918309709189366, -125.536, -0.26153333333333334, 16020.496, 5000.5, 2629.0, 0.26 
6.60693448007596, -124.42, -0.2592083333333333, 15778.504, 5000.5, 2490.5, 0.24666666666666667 
6.3095734448019325, -127.712, -0.2660666666666667, 16597.632, 5000.5, 2438.5, 0.2866666666666667 
6.025595860743578, -127.176, -0.26495, 16469.424, 5000.5, 2312.5, 0.32 
5.7543993733715695, -131.664, -0.2743, 17654.848, 5000.5, 2135.5, 0.25333333333333335 
5.495408738576245, -135.184, -0.28163333333333335, 18541.568, 5000.5, 2093.5, 0.2866666666666667 
5.248074602497725, -135.084, -0.281425, 18542.792, 5000.5, 2010.5, 0.24666666666666667 
5.011872336272724, -138.936, -0.28945000000000004, 19596.544, 5000.5, 1781.0, 0.2733333333333334 
4.786300923226383, -139.76, -0.29116666666666663, 19811.264, 5000.5, 1700.0, 0.17333333333333334 
4.57088189614875, -144.1, -0.3002083333333333, 21067.64, 5000.5, 1645.0, 0.29333333333333333 
4.36515832240166, -145.176, -0.30245, 21372.384, 5000.5, 1468.0, 0.3666666666666667 
4.168693834703355, -147.592, -0.3074833333333334, 22116.4, 5000.5, 1431.5, 0.25333333333333335 
3.9810717055349727, -156.88, -0.3268333333333333, 25007.136, 5000.5, 1253.5, 0.22 
3.801893963205612, -156.876, -0.32682500000000003, 24953.816, 5000.5, 1177.0, 0.30000000000000004 
3.6307805477010135, -164.632, -0.34298333333333336, 27478.688, 5000.5, 932.0, 0.3066666666666667 
3.467368504525316, -160.892, -0.33519166666666667, 26158.744, 5000.5, 846.0, 0.32666666666666666 
3.311311214825911, -166.928, -0.34776666666666667, 28225.264, 5000.5, 901.0, 0.26 
3.1622776601683795, -175.16, -0.36491666666666667, 31081.504, 5000.5, 835.5, 0.28 
3.019951720402016, -173.016, -0.36045, 30239.808, 5000.5, 724.0, 0.32666666666666666 
2.8840315031266055, -180.488, -0.37601666666666667, 32961.632, 5000.5, 543.0, 0.38 
2.7542287033381663, -193.78, -0.40370833333333334, 37953.848, 5000.5, 432.0, 0.33333333333333337 
2.6302679918953817, -211.044, -0.43967500000000004, 45473.016, 5000.5, 382.5, 0.4466666666666667 
2.51188643150958, -201.8, -0.4204166666666667, 41343.968, 5000.5, 420.0, 0.31333333333333335 
2.3988329190194904, -236.504, -0.49271666666666664, 56618.16, 5000.5, 314.5, 0.7733333333333334 
2.2908676527677727, -248.528, -0.5177666666666666, 62128.896, 5000.5, 213.5, 0.8333333333333334 
2.1877616239495525, -252.86, -0.5267916666666667, 64173.736, 5000.5, 61.0, 0.8133333333333334 
2.089296130854039, -257.068, -0.5355583333333332, 66188.888, 5000.5, 86.0, 0.9600000000000001 
1.9952623149688797, -178.012, -0.37085833333333335, 32596.568, 5000.5, 42.0, 0.7333333333333334 
1.9054607179632475, -183.556, -0.38240833333333335, 34252.936, 5000.5, 321.0, 0.31333333333333335 
1.8197008586099837, -199.708, -0.4160583333333333, 40686.376, 5000.5, 266.5, 0.5066666666666667 
1.7378008287493754, -214.532, -0.4469416666666667, 46730.536, 5000.5, 138.5, 0.6266666666666667 
1.6595869074375604, -251.556, -0.5240750000000001, 63809.592, 5000.5, 160.5, 0.7533333333333334 
1.5848931924611134, -294.532, -0.6136083333333333, 87183.24, 5000.5, 22.0, 0.8333333333333334 
1.5135612484362082, -331.584, -0.6908, 110123.36, 5000.5, 27.0, 1.0 
1.4454397707459277, -380.816, -0.7933666666666667, 145245.904, 5000.5, 3.0, 0.9533333333333334 
1.380384264602885, -394.172, -0.8211916666666668, 155408.744, 5000.5, 1.0, 0.9666666666666667 
1.318256738556407, -397.38, -0.827875, 157960.808, 5000.5, 0.0, 1.0 
1.2589254117941673, -402.288, -0.8381000000000001, 161865.744, 5000.5, 0.0, 1.0 
1.202264434617413, -406.332, -0.846525, 165120.504, 5000.5, 0.0, 1.0 
1.148153621496883, -403.768, -0.8411833333333333, 163038.32, 5000.5, 0.0, 1.0 
1.096478196143185, -407.072, -0.8480666666666666, 165708.832, 5000.5, 0.0, 1.0 
1.0471285480508996, -401.656, -0.8367833333333333, 161334.592, 5000.5, 0.0, 1.0 
1.0, -400.968, -0.83535, 160782.768, 5000.5, 0.0, 1.0 
0.9549925860214359, -406.616, -0.8471166666666666, 165339.008, 5000.5, 0.5, 1.0 
0.9120108393559097, -407.848, -0.8496833333333333, 166346.496, 5000.5, 1.0, 0.9666666666666667 
0.8709635899560806, -407.676, -0.849325, 166200.872, 5000.5, 0.5, 1.0 
0.8317637711026709, -409.584, -0.8533000000000001, 167759.712, 5000.5, 0.5, 0.9800000000000001 
0.7943282347242814, -408.692, -0.8514416666666667, 167030.168, 5000.5, 0.5, 1.0 
0.7585775750291835, -409.448, -0.8530166666666666, 167648.464, 5000.5, 0.0, 1.0 
0.7244359600749903, -410.0, -0.8541666666666666, 168100.0, 5000.5, 0.0, 1.0 
0.6918309709189365, -410.0, -0.8541666666666666, 168100.0, 5000.5, 0.0, 1.0 
0.6606934480075961, -409.712, -0.8535666666666667, 167864.416, 5000.5, 0.5, 1.0 
0.6309573444801932, -408.604, -0.8512583333333333, 166958.072, 5000.5, 0.0, 1.0 
0.6025595860743578, -409.868, -0.8538916666666666, 167992.024, 5000.5, 0.0, 1.0 
0.5754399373371569, -410.0, -0.8541666666666666, 168100.0, 5000.5, 0.0, 1.0 
0.5495408738576245, -410.0, -0.8541666666666666, 168100.0, 5000.5, 0.0, 1.0 
0.5248074602497725, -410.0, -0.8541666666666666, 168100.0, 5000.5, 0.0, 1.0 
0.5011872336272722, -410.0, -0.8541666666666666, 168100.0, 5000.5, 0.0, 1.0 
0.4786300923226383, -410.0, -0.8541666666666666, 168100.0, 5000.5, 0.0, 1.0 
0.4570881896148749, -410.0, -0.8541666666666666, 168100.0, 5000.5, 0.5, 1.0 
0.4365158322401659, -410.0, -0.8541666666666666, 168100.0, 5000.5, 0.0, 1.0 
0.41686938347033553, -410.0, -0.8541666666666666, 168100.0, 5000.5, 1.0, 1.0 
0.3981071705534973, -410.0, -0.8541666666666666, 168100.0, 5000.5, 0.5, 1.0 
0.38018939632056126, -410.0, -0.8541666666666666, 168100.0, 5000.5, 0.0, 1.0 
0.36307805477010135, -410.0, -0.8541666666666666, 168100.0, 5000.5, 0.0, 1.0 
0.34673685045253166, -410.0, -0.8541666666666666, 168100.0, 5000.5, 0.0, 1.0 
0.33113112148259116, -409.168, -0.8524333333333334, 167419.424, 5000.5, 0.5, 1.0 
0.3162277660168379, -410.0, -0.8541666666666666, 168100.0, 5000.5, 0.0, 1.0 
0.3019951720402016, -410.0, -0.8541666666666666, 168100.0, 5000.5, 0.5, 1.0 
0.28840315031266056, -410.0, -0.8541666666666666, 168100.0, 5000.5, 0.5, 1.0 
0.2754228703338166, -410.0, -0.8541666666666666, 168100.0, 5000.5, 0.5, 1.0 
0.26302679918953814, -410.0, -0.8541666666666666, 168100.0, 5000.5, 0.0, 1.0 
0.25118864315095796, -410.0, -0.8541666666666666, 168100.0, 5000.5, 0.5, 1.0 
0.23988329190194901, -410.0, -0.8541666666666666, 168100.0, 5000.5, 0.0, 1.0 
0.22908676527677738, -410.0, -0.8541666666666666, 168100.0, 5000.5, 0.5, 1.0 
0.2187761623949553, -410.0, -0.8541666666666666, 168100.0, 5000.5, 0.0, 1.0 
0.208929613085404, -410.0, -0.8541666666666666, 168100.0, 5000.5, 0.5, 1.0 
0.19952623149688797, -410.0, -0.8541666666666666, 168100.0, 5000.5, 0.0, 1.0 
0.19054607179632474, -410.0, -0.8541666666666666, 168100.0, 5000.5, 0.0, 1.0 
0.18197008586099836, -410.0, -0.8541666666666666, 168100.0, 5000.5, 0.0, 1.0 
0.17378008287493754, -410.0, -0.8541666666666666, 168100.0, 5000.5, 0.0, 1.0 
0.16595869074375605, -410.0, -0.8541666666666666, 168100.0, 5000.5, 0.0, 1.0 
0.15848931924611134, -410.0, -0.8541666666666666, 168100.0, 5000.5, 0.0, 1.0 
0.1513561248436208, -410.0, -0.8541666666666666, 168100.0, 5000.5, 0.0, 1.0 
0.1445439770745927, -410.0, -0.8541666666666666, 168100.0, 5000.5, 0.0, 1.0 
0.13803842646028847, -410.0, -0.8541666666666666, 168100.0, 5000.5, 0.0, 1.0 
0.13182567385564076, -410.0, -0.8541666666666666, 168100.0, 5000.5, 0.0, 1.0 
0.12589254117941676, -410.0, -0.8541666666666666, 168100.0, 5000.5, 0.5, 1.0 
0.12022644346174131, -410.0, -0.8541666666666666, 168100.0, 5000.5, 0.0, 1.0 
0.1148153621496883, -410.0, -0.8541666666666666, 168100.0, 5000.5, 1.0, 1.0 
0.1096478196143185, -410.0, -0.8541666666666666, 168100.0, 5000.5, 0.0, 1.0 
0.10471285480508996, -410.0, -0.8541666666666666, 168100.0, 5000.5, 0.0, 1.0 
0.1, -410.0, -0.8541666666666666, 168100.0, 5000.5, 0.0, 1.0 
