Simulation:L=9, P_s=0.01, T_swap=10.0, T_1=10.0, T_0=0.01, N_T=100 
Temperature T, <E>(T), <-E/E_0>(T), <E^2>(T), Relaxation Iterations=tau(T), Accepted Candidates A(T), Final Configuration Correlation Function Value 
10.0, -354.66, -0.20524305555555558, 126428.328, 5000.5, 3146.0, 0.19958847736625515 
9.33254300796991, -345.296, -0.19982407407407407, 119780.192, 5000.5, 3151.5, 0.18930041152263377 
8.709635899560805, -345.372, -0.19986805555555556, 119832.12, 5000.5, 3031.5, 0.19753086419753088 
8.128305161640993, -345.8, -0.20011574074074076, 120160.72, 5000.5, 2987.5, 0.21193415637860083 
7.5857757502918375, -352.616, -0.20406018518518518, 124861.584, 5000.5, 2769.5, 0.19958847736625515 
7.079457843841379, -357.368, -0.20681018518518518, 128268.8, 5000.5, 2631.5, 0.18312757201646093 
6.60693448007596, -363.48, -0.21034722222222224, 132698.352, 5000.5, 2472.0, 0.21193415637860083 
6.165950018614822, -368.304, -0.21313888888888888, 136186.256, 5000.5, 2334.0, 0.21810699588477367 
5.7543993733715695, -378.316, -0.21893287037037035, 143696.104, 5000.5, 2177.5, 0.20370370370370372 
5.370317963702528, -385.224, -0.22293055555555555, 149003.744, 5000.5, 1998.0, 0.1934156378600823 
5.011872336272722, -394.108, -0.22807175925925927, 155855.384, 5000.5, 1927.0, 0.2160493827160494 
4.677351412871982, -399.996, -0.23147916666666665, 160493.64, 5000.5, 1708.0, 0.1748971193415638 
4.36515832240166, -413.34, -0.23920138888888887, 171770.744, 5000.5, 1625.5, 0.22839506172839508 
4.073802778041127, -426.12, -0.24659722222222222, 182330.576, 5000.5, 1363.0, 0.22016460905349797 
3.8018939632056115, -431.772, -0.24986805555555555, 187036.696, 5000.5, 1189.5, 0.1748971193415638 
3.5481338923357546, -446.384, -0.2583240740740741, 200028.144, 5000.5, 1029.0, 0.19958847736625515 
3.311311214825911, -469.244, -0.2715532407407408, 220945.72, 5000.5, 668.5, 0.18724279835390947 
3.09029543251359, -476.468, -0.2757337962962963, 227730.936, 5000.5, 796.0, 0.18106995884773663 
2.8840315031266064, -491.132, -0.28421990740740743, 242079.592, 5000.5, 429.0, 0.2078189300411523 
2.6915348039269156, -521.264, -0.30165740740740743, 272744.32, 5000.5, 408.5, 0.2592592592592593 
2.51188643150958, -555.972, -0.32174305555555555, 310726.376, 5000.5, 425.5, 0.26337448559670784 
2.3442288153199224, -610.384, -0.3532314814814815, 373730.592, 5000.5, 266.0, 0.2860082304526749 
2.1877616239495525, -646.788, -0.3742986111111111, 420218.44, 5000.5, 242.5, 0.5267489711934157 
2.041737944669529, -662.612, -0.3834560185185185, 439966.616, 5000.5, 188.5, 0.40123456790123463 
1.9054607179632475, -769.092, -0.4450763888888889, 595296.712, 5000.5, 24.0, 0.874485596707819 
1.778279410038923, -815.64, -0.4720138888888889, 666097.216, 5000.5, 5.5, 0.9279835390946503 
1.6595869074375604, -911.668, -0.5275856481481481, 832594.888, 5000.5, 3.0, 0.9711934156378602 
1.548816618912481, -1011.628, -0.5854328703703704, 1.023751704e6, 5000.5, 4.0, 0.9506172839506174 
1.4454397707459274, -1035.744, -0.5993888888888889, 1.073361232e6, 5000.5, 2.0, 0.9855967078189302 
1.3489628825916538, -1106.552, -0.6403657407407407, 1.228086848e6, 5000.5, 1.0, 0.9917695473251029 
1.2589254117941673, -1208.116, -0.6991412037037037, 1.460159464e6, 5000.5, 1.5, 0.9835390946502058 
1.1748975549395295, -1247.748, -0.7220763888888889, 1.556980888e6, 5000.5, 0.0, 1.0 
1.0964781961431849, -1270.716, -0.7353680555555555, 1.614759032e6, 5000.5, 0.5, 1.0 
1.023292992280754, -1309.352, -0.757726851851852, 1.714526528e6, 5000.5, 3.0, 0.9794238683127573 
0.9549925860214358, -1334.428, -0.772238425925926, 1.780712184e6, 5000.5, 0.0, 1.0 
0.8912509381337457, -1352.14, -0.7824884259259259, 1.828293848e6, 5000.5, 0.5, 1.0 
0.8317637711026711, -1359.804, -0.7869236111111112, 1.84912692e6, 5000.5, 0.0, 1.0 
0.7762471166286917, -1371.944, -0.793949074074074, 1.882236e6, 5000.5, 0.0, 1.0 
0.72443596007499, -1380.34, -0.7988078703703704, 1.90534572e6, 5000.5, 0.0, 1.0 
0.6760829753919817, -1382.284, -0.7999328703703704, 1.910710344e6, 5000.5, 0.0, 1.0 
0.6309573444801931, -1380.084, -0.7986597222222223, 1.904633736e6, 5000.5, 1.5, 1.0 
0.588843655355589, -1382.36, -0.7999768518518517, 1.91091976e6, 5000.5, 0.0, 1.0 
0.5495408738576246, -1386.044, -0.8021087962962964, 1.921121736e6, 5000.5, 0.0, 1.0 
0.5128613839913649, -1388.0, -0.8032407407407407, 1.926544e6, 5000.5, 0.5, 1.0 
0.4786300923226383, -1388.0, -0.8032407407407407, 1.926544e6, 5000.5, 1.0, 1.0 
0.4466835921509631, -1393.384, -0.8063564814814815, 1.941520016e6, 5000.5, 0.0, 1.0 
0.4168693834703353, -1394.0, -0.8067129629629629, 1.943236e6, 5000.5, 0.0, 1.0 
0.38904514499428067, -1394.0, -0.8067129629629629, 1.943236e6, 5000.5, 1.0, 1.0 
0.36307805477010135, -1396.5, -0.8081597222222222, 1.95021924e6, 5000.5, 0.5, 1.0 
0.33884415613920255, -1401.352, -0.8109675925925927, 1.963789248e6, 5000.5, 0.0, 1.0 
0.3162277660168379, -1404.0, -0.8125, 1.971216e6, 5000.5, 0.5, 1.0 
0.29512092266663853, -1404.0, -0.8125, 1.971216e6, 5000.5, 0.5, 1.0 
0.2754228703338166, -1404.0, -0.8125, 1.971216e6, 5000.5, 0.5, 1.0 
0.25703957827688634, -1404.0, -0.8125, 1.971216e6, 5000.5, 0.5, 1.0 
0.23988329190194901, -1404.772, -0.8129467592592592, 1.97338532e6, 5000.5, 0.0, 1.0 
0.2238721138568339, -1406.0, -0.8136574074074074, 1.976836e6, 5000.5, 0.0, 1.0 
0.20892961308540386, -1406.0, -0.8136574074074074, 1.976836e6, 5000.5, 0.0, 1.0 
0.1949844599758046, -1406.0, -0.8136574074074074, 1.976836e6, 5000.5, 1.0, 1.0 
0.1819700858609984, -1406.0, -0.8136574074074074, 1.976836e6, 5000.5, 0.0, 1.0 
0.16982436524617447, -1406.0, -0.8136574074074074, 1.976836e6, 5000.5, 0.5, 1.0 
0.15848931924611137, -1406.0, -0.8136574074074074, 1.976836e6, 5000.5, 1.0, 1.0 
0.14791083881682077, -1406.0, -0.8136574074074074, 1.976836e6, 5000.5, 0.5, 1.0 
0.1380384264602885, -1406.0, -0.8136574074074074, 1.976836e6, 5000.5, 0.0, 1.0 
0.1288249551693134, -1406.0, -0.8136574074074074, 1.976836e6, 5000.5, 0.5, 1.0 
0.12022644346174129, -1406.0, -0.8136574074074074, 1.976836e6, 5000.5, 1.5, 1.0 
0.11220184543019632, -1406.0, -0.8136574074074074, 1.976836e6, 5000.5, 0.0, 1.0 
0.10471285480508993, -1406.0, -0.8136574074074074, 1.976836e6, 5000.5, 0.0, 1.0 
0.09772372209558106, -1406.0, -0.8136574074074074, 1.976836e6, 5000.5, 0.0, 1.0 
0.09120108393559095, -1406.0, -0.8136574074074074, 1.976836e6, 5000.5, 0.0, 1.0 
0.08511380382023767, -1406.0, -0.8136574074074074, 1.976836e6, 5000.5, 0.0, 1.0 
0.07943282347242817, -1406.0, -0.8136574074074074, 1.976836e6, 5000.5, 1.0, 1.0 
0.07413102413009176, -1406.0, -0.8136574074074074, 1.976836e6, 5000.5, 1.5, 1.0 
0.06918309709189366, -1406.0, -0.8136574074074074, 1.976836e6, 5000.5, 0.5, 1.0 
0.06456542290346556, -1406.0, -0.8136574074074074, 1.976836e6, 5000.5, 0.5, 1.0 
0.06025595860743578, -1406.0, -0.8136574074074074, 1.976836e6, 5000.5, 0.0, 1.0 
0.05623413251903491, -1406.0, -0.8136574074074074, 1.976836e6, 5000.5, 0.5, 1.0 
0.05248074602497725, -1406.0, -0.8136574074074074, 1.976836e6, 5000.5, 0.5, 1.0 
0.04897788193684462, -1406.0, -0.8136574074074074, 1.976836e6, 5000.5, 0.0, 1.0 
0.0457088189614875, -1406.0, -0.8136574074074074, 1.976836e6, 5000.5, 0.5, 1.0 
0.04265795188015926, -1406.0, -0.8136574074074074, 1.976836e6, 5000.5, 0.0, 1.0 
0.03981071705534972, -1406.0, -0.8136574074074074, 1.976836e6, 5000.5, 0.0, 1.0 
0.03715352290971724, -1406.0, -0.8136574074074074, 1.976836e6, 5000.5, 0.0, 1.0 
0.03467368504525317, -1406.0, -0.8136574074074074, 1.976836e6, 5000.5, 0.5, 1.0 
0.03235936569296284, -1406.0, -0.8136574074074074, 1.976836e6, 5000.5, 0.5, 1.0 
0.03019951720402017, -1406.0, -0.8136574074074074, 1.976836e6, 5000.5, 0.0, 1.0 
0.028183829312644543, -1406.0, -0.8136574074074074, 1.976836e6, 5000.5, 0.0, 1.0 
0.02630267991895382, -1406.0, -0.8136574074074074, 1.976836e6, 5000.5, 0.5, 1.0 
0.024547089156850305, -1406.0, -0.8136574074074074, 1.976836e6, 5000.5, 0.0, 1.0 
0.022908676527677727, -1406.0, -0.8136574074074074, 1.976836e6, 5000.5, 0.0, 1.0 
0.02137962089502232, -1406.0, -0.8136574074074074, 1.976836e6, 5000.5, 0.0, 1.0 
0.019952623149688792, -1406.0, -0.8136574074074074, 1.976836e6, 5000.5, 0.5, 1.0 
0.018620871366628673, -1406.0, -0.8136574074074074, 1.976836e6, 5000.5, 0.5, 1.0 
0.01737800828749375, -1406.0, -0.8136574074074074, 1.976836e6, 5000.5, 0.5, 1.0 
0.016218100973589295, -1406.0, -0.8136574074074074, 1.976836e6, 5000.5, 0.5, 1.0 
0.015135612484362088, -1406.0, -0.8136574074074074, 1.976836e6, 5000.5, 0.0, 1.0 
0.014125375446227549, -1406.0, -0.8136574074074074, 1.976836e6, 5000.5, 0.0, 1.0 
0.013182567385564075, -1406.0, -0.8136574074074074, 1.976836e6, 5000.5, 0.5, 1.0 
0.01230268770812382, -1406.0, -0.8136574074074074, 1.976836e6, 5000.5, 0.5, 1.0 
0.011481536214968828, -1406.0, -0.8136574074074074, 1.976836e6, 5000.5, 1.0, 1.0 
0.010715193052376063, -1406.0, -0.8136574074074074, 1.976836e6, 5000.5, 0.0, 1.0 
0.01, -1406.0, -0.8136574074074074, 1.976836e6, 5000.5, 0.5, 1.0 
