Simulation:L=9, P_s=0.0, T_swap=10.0, T_1=10.0, T_0=0.01, N_T=100 
Temperature T, <E>(T), <-E/E_0>(T), <E^2>(T), Relaxation Iterations=tau(T), Accepted Candidates A(T), Final Configuration Correlation Function Value 
10.0, -380.252, -0.22005324074074076, 145423.688, 5000.5, 2943.5, 0.20370370370370372 
9.33254300796991, -384.352, -0.22242592592592592, 148534.784, 5000.5, 2816.0, 0.1934156378600823 
8.709635899560805, -395.728, -0.22900925925925927, 157357.856, 5000.5, 2586.0, 0.15843621399176955 
8.128305161640993, -392.976, -0.22741666666666666, 155246.336, 5000.5, 2488.0, 0.24279835390946505 
7.5857757502918375, -404.036, -0.23381712962962964, 164026.68, 5000.5, 2391.0, 0.18724279835390947 
7.079457843841379, -408.712, -0.23652314814814815, 167950.416, 5000.5, 2141.5, 0.14609053497942387 
6.60693448007596, -420.496, -0.24334259259259258, 177641.664, 5000.5, 2014.0, 0.18930041152263377 
6.165950018614822, -427.74, -0.24753472222222223, 183824.072, 5000.5, 1818.0, 0.2160493827160494 
5.7543993733715695, -440.464, -0.25489814814814815, 194886.416, 5000.5, 1696.0, 0.19135802469135804 
5.370317963702528, -452.7, -0.26197916666666665, 205870.392, 5000.5, 1506.5, 0.18106995884773663 
5.011872336272722, -468.02, -0.2708449074074074, 220005.592, 5000.5, 1242.5, 0.19753086419753088 
4.677351412871982, -471.016, -0.27257870370370374, 222763.344, 5000.5, 1164.5, 0.24074074074074076 
4.36515832240166, -485.196, -0.2807847222222222, 236331.896, 5000.5, 1045.0, 0.2242798353909465 
4.073802778041127, -495.096, -0.2865138888888889, 246157.056, 5000.5, 807.0, 0.2263374485596708 
3.8018939632056115, -516.184, -0.29871759259259256, 267440.112, 5000.5, 692.0, 0.22016460905349797 
3.5481338923357546, -539.464, -0.31218981481481484, 291921.44, 5000.5, 602.5, 0.2078189300411523 
3.311311214825911, -549.84, -0.31819444444444445, 303983.12, 5000.5, 428.0, 0.2654320987654321 
3.09029543251359, -588.848, -0.34076851851851847, 348013.008, 5000.5, 304.0, 0.3374485596707819 
2.8840315031266064, -630.152, -0.3646712962962963, 398028.224, 5000.5, 244.0, 0.32921810699588483 
2.6915348039269156, -670.144, -0.38781481481481483, 450006.384, 5000.5, 57.0, 0.823045267489712 
2.51188643150958, -684.48, -0.39611111111111114, 468985.504, 5000.5, 250.0, 0.631687242798354 
2.3442288153199224, -723.328, -0.41859259259259257, 523524.368, 5000.5, 63.0, 0.7572016460905351 
2.1877616239495525, -722.972, -0.41838657407407404, 522835.32, 5000.5, 20.0, 1.0 
2.041737944669529, -722.852, -0.41831712962962964, 522610.04, 5000.5, 141.5, 0.9279835390946503 
1.9054607179632475, -718.844, -0.4159976851851852, 516774.488, 5000.5, 61.5, 0.925925925925926 
1.778279410038923, -721.592, -0.41758796296296297, 520713.968, 5000.5, 63.0, 1.0 
1.6595869074375604, -724.532, -0.4192893518518519, 524968.04, 5000.5, 2.5, 0.9362139917695474 
1.548816618912481, -725.028, -0.4195763888888889, 525675.064, 5000.5, 0.0, 1.0 
1.4454397707459274, -725.656, -0.4199398148148148, 526579.056, 5000.5, 10.0, 1.0 
1.3489628825916538, -725.884, -0.42007175925925927, 526908.328, 5000.5, 1.0, 1.0 
1.2589254117941673, -723.8, -0.41886574074074073, 523898.416, 5000.5, 3.0, 1.0 
1.1748975549395295, -729.284, -0.4220393518518519, 531863.496, 5000.5, 0.0, 1.0 
1.0964781961431849, -733.708, -0.424599537037037, 538328.248, 5000.5, 4.0, 1.0 
1.023292992280754, -733.976, -0.4247546296296296, 538720.864, 5000.5, 3.5, 0.9362139917695474 
0.9549925860214358, -733.936, -0.4247314814814815, 538662.304, 5000.5, 1.0, 1.0 
0.8912509381337457, -733.936, -0.4247314814814815, 538662.304, 5000.5, 1.0, 1.0 
0.8317637711026711, -733.984, -0.4247592592592593, 538732.576, 5000.5, 0.0, 1.0 
0.7762471166286917, -733.984, -0.4247592592592593, 538732.576, 5000.5, 2.0, 1.0 
0.72443596007499, -733.984, -0.4247592592592593, 538732.576, 5000.5, 1.0, 1.0 
0.6760829753919817, -734.0, -0.42476851851851855, 538756.0, 5000.5, 0.0, 1.0 
0.6309573444801931, -734.0, -0.42476851851851855, 538756.0, 5000.5, 1.0, 1.0 
0.588843655355589, -734.0, -0.42476851851851855, 538756.0, 5000.5, 0.0, 1.0 
0.5495408738576246, -733.992, -0.4247638888888889, 538744.288, 5000.5, 1.0, 1.0 
0.5128613839913649, -734.0, -0.42476851851851855, 538756.0, 5000.5, 0.0, 1.0 
0.4786300923226383, -734.0, -0.42476851851851855, 538756.0, 5000.5, 0.0, 1.0 
0.4466835921509631, -734.0, -0.42476851851851855, 538756.0, 5000.5, 0.0, 1.0 
0.4168693834703353, -734.0, -0.42476851851851855, 538756.0, 5000.5, 0.0, 1.0 
0.38904514499428067, -734.0, -0.42476851851851855, 538756.0, 5000.5, 0.0, 1.0 
0.36307805477010135, -734.0, -0.42476851851851855, 538756.0, 5000.5, 0.0, 1.0 
0.33884415613920255, -734.0, -0.42476851851851855, 538756.0, 5000.5, 1.0, 1.0 
0.3162277660168379, -734.0, -0.42476851851851855, 538756.0, 5000.5, 0.0, 1.0 
0.29512092266663853, -734.0, -0.42476851851851855, 538756.0, 5000.5, 0.0, 1.0 
0.2754228703338166, -734.0, -0.42476851851851855, 538756.0, 5000.5, 0.0, 1.0 
0.25703957827688634, -734.0, -0.42476851851851855, 538756.0, 5000.5, 0.0, 1.0 
0.23988329190194901, -734.0, -0.42476851851851855, 538756.0, 5000.5, 0.0, 1.0 
0.2238721138568339, -734.0, -0.42476851851851855, 538756.0, 5000.5, 0.0, 1.0 
0.20892961308540386, -734.0, -0.42476851851851855, 538756.0, 5000.5, 0.0, 1.0 
0.1949844599758046, -734.0, -0.42476851851851855, 538756.0, 5000.5, 0.0, 1.0 
0.1819700858609984, -734.0, -0.42476851851851855, 538756.0, 5000.5, 0.0, 1.0 
0.16982436524617447, -734.0, -0.42476851851851855, 538756.0, 5000.5, 0.0, 1.0 
0.15848931924611137, -734.0, -0.42476851851851855, 538756.0, 5000.5, 0.0, 1.0 
0.14791083881682077, -734.0, -0.42476851851851855, 538756.0, 5000.5, 0.0, 1.0 
0.1380384264602885, -734.0, -0.42476851851851855, 538756.0, 5000.5, 0.0, 1.0 
0.1288249551693134, -734.0, -0.42476851851851855, 538756.0, 5000.5, 0.0, 1.0 
0.12022644346174129, -734.0, -0.42476851851851855, 538756.0, 5000.5, 0.0, 1.0 
0.11220184543019632, -734.0, -0.42476851851851855, 538756.0, 5000.5, 0.0, 1.0 
0.10471285480508993, -734.0, -0.42476851851851855, 538756.0, 5000.5, 0.0, 1.0 
0.09772372209558106, -734.0, -0.42476851851851855, 538756.0, 5000.5, 0.0, 1.0 
0.09120108393559095, -734.0, -0.42476851851851855, 538756.0, 5000.5, 0.0, 1.0 
0.08511380382023767, -734.0, -0.42476851851851855, 538756.0, 5000.5, 0.0, 1.0 
0.07943282347242817, -734.0, -0.42476851851851855, 538756.0, 5000.5, 0.0, 1.0 
0.07413102413009176, -734.0, -0.42476851851851855, 538756.0, 5000.5, 0.0, 1.0 
0.06918309709189366, -734.0, -0.42476851851851855, 538756.0, 5000.5, 0.0, 1.0 
0.06456542290346556, -734.0, -0.42476851851851855, 538756.0, 5000.5, 0.0, 1.0 
0.06025595860743578, -734.0, -0.42476851851851855, 538756.0, 5000.5, 0.0, 1.0 
0.05623413251903491, -734.0, -0.42476851851851855, 538756.0, 5000.5, 0.0, 1.0 
0.05248074602497725, -734.0, -0.42476851851851855, 538756.0, 5000.5, 0.0, 1.0 
0.04897788193684462, -734.0, -0.42476851851851855, 538756.0, 5000.5, 0.0, 1.0 
0.0457088189614875, -734.0, -0.42476851851851855, 538756.0, 5000.5, 0.0, 1.0 
0.04265795188015926, -734.0, -0.42476851851851855, 538756.0, 5000.5, 0.0, 1.0 
0.03981071705534972, -734.0, -0.42476851851851855, 538756.0, 5000.5, 0.0, 1.0 
0.03715352290971724, -734.0, -0.42476851851851855, 538756.0, 5000.5, 0.0, 1.0 
0.03467368504525317, -734.0, -0.42476851851851855, 538756.0, 5000.5, 0.0, 1.0 
0.03235936569296284, -734.0, -0.42476851851851855, 538756.0, 5000.5, 0.0, 1.0 
0.03019951720402017, -734.0, -0.42476851851851855, 538756.0, 5000.5, 0.0, 1.0 
0.028183829312644543, -734.0, -0.42476851851851855, 538756.0, 5000.5, 0.0, 1.0 
0.02630267991895382, -734.0, -0.42476851851851855, 538756.0, 5000.5, 0.0, 1.0 
0.024547089156850305, -734.0, -0.42476851851851855, 538756.0, 5000.5, 0.0, 1.0 
0.022908676527677727, -734.0, -0.42476851851851855, 538756.0, 5000.5, 0.0, 1.0 
0.02137962089502232, -734.0, -0.42476851851851855, 538756.0, 5000.5, 0.0, 1.0 
0.019952623149688792, -734.0, -0.42476851851851855, 538756.0, 5000.5, 0.0, 1.0 
0.018620871366628673, -734.0, -0.42476851851851855, 538756.0, 5000.5, 0.0, 1.0 
0.01737800828749375, -734.0, -0.42476851851851855, 538756.0, 5000.5, 0.0, 1.0 
0.016218100973589295, -734.0, -0.42476851851851855, 538756.0, 5000.5, 0.0, 1.0 
0.015135612484362088, -734.0, -0.42476851851851855, 538756.0, 5000.5, 0.0, 1.0 
0.014125375446227549, -734.0, -0.42476851851851855, 538756.0, 5000.5, 0.0, 1.0 
0.013182567385564075, -734.0, -0.42476851851851855, 538756.0, 5000.5, 0.0, 1.0 
0.01230268770812382, -734.0, -0.42476851851851855, 538756.0, 5000.5, 0.0, 1.0 
0.011481536214968828, -734.0, -0.42476851851851855, 538756.0, 5000.5, 0.0, 1.0 
0.010715193052376063, -734.0, -0.42476851851851855, 538756.0, 5000.5, 0.0, 1.0 
0.01, -734.0, -0.42476851851851855, 538756.0, 5000.5, 0.0, 1.0 
