Simulation:L=9, P_s=1.0, T_swap=10.0, T_1=10.0, T_0=0.01, N_T=100 
Temperature T, <E>(T), <-E/E_0>(T), <E^2>(T), Relaxation Iterations=tau(T), Accepted Candidates A(T), Final Configuration Correlation Function Value 
10.0, -336.548, -0.19476157407407407, 113817.144, 5000.5, 4227.5, 0.16460905349794241 
9.33254300796991, -344.404, -0.19930787037037037, 119181.608, 5000.5, 4173.5, 0.1522633744855967 
8.709635899560805, -349.62, -0.2023263888888889, 122833.64, 5000.5, 4101.5, 0.2078189300411523 
8.128305161640993, -352.704, -0.2041111111111111, 125059.984, 5000.5, 4010.5, 0.14197530864197533 
7.5857757502918375, -358.252, -0.20732175925925928, 128983.592, 5000.5, 3885.5, 0.16666666666666669 
7.079457843841379, -365.648, -0.21160185185185187, 134289.2, 5000.5, 3858.0, 0.17901234567901236 
6.60693448007596, -370.932, -0.21465972222222224, 138215.928, 5000.5, 3822.0, 0.20370370370370372 
6.165950018614822, -376.192, -0.2177037037037037, 142223.344, 5000.5, 3699.0, 0.19135802469135804 
5.7543993733715695, -384.732, -0.22264583333333335, 148682.776, 5000.5, 3616.5, 0.18312757201646093 
5.370317963702528, -391.712, -0.22668518518518518, 154107.152, 5000.5, 3507.5, 0.17901234567901236 
5.011872336272722, -402.128, -0.23271296296296295, 162311.488, 5000.5, 3327.0, 0.1748971193415638 
4.677351412871982, -409.684, -0.23708564814814817, 168547.448, 5000.5, 3325.5, 0.18312757201646093 
4.36515832240166, -418.936, -0.2424398148148148, 176170.416, 5000.5, 3141.0, 0.2078189300411523 
4.073802778041127, -431.524, -0.24972453703703704, 186983.08, 5000.5, 3029.0, 0.17901234567901236 
3.8018939632056115, -445.388, -0.25774768518518515, 199133.832, 5000.5, 2896.0, 0.21193415637860083 
3.5481338923357546, -459.104, -0.2656851851851852, 211538.88, 5000.5, 2779.0, 0.1769547325102881 
3.311311214825911, -475.088, -0.27493518518518517, 226521.728, 5000.5, 2524.0, 0.16460905349794241 
3.09029543251359, -494.236, -0.2860162037037037, 245063.224, 5000.5, 2365.5, 0.16872427983539096 
2.8840315031266064, -510.628, -0.2955023148148148, 261769.528, 5000.5, 2240.5, 0.154320987654321 
2.6915348039269156, -536.064, -0.3102222222222222, 288331.264, 5000.5, 2131.5, 0.17901234567901236 
2.51188643150958, -564.2, -0.3265046296296297, 319427.76, 5000.5, 1948.5, 0.18106995884773663 
2.3442288153199224, -592.136, -0.3426712962962963, 351735.616, 5000.5, 1533.0, 0.15637860082304528 
2.1877616239495525, -632.684, -0.3661365740740741, 401702.552, 5000.5, 1312.0, 0.18724279835390947 
2.041737944669529, -677.644, -0.39215509259259257, 460618.904, 5000.5, 1114.5, 0.19753086419753088 
1.9054607179632475, -735.12, -0.42541666666666667, 541977.136, 5000.5, 1102.0, 0.1522633744855967 
1.778279410038923, -828.004, -0.4791689814814815, 689588.184, 5000.5, 800.0, 0.18312757201646093 
1.6595869074375604, -1224.5, -0.7086226851851852, 1.504112504e6, 5000.5, 646.5, 0.3168724279835391 
1.548816618912481, -1325.944, -0.7673287037037037, 1.759805632e6, 5000.5, 270.5, 0.6893004115226338 
1.4454397707459274, -1364.908, -0.7898773148148147, 1.863657384e6, 5000.5, 198.0, 0.720164609053498 
1.3489628825916538, -1399.244, -0.8097476851851851, 1.958266936e6, 5000.5, 146.0, 0.7613168724279836 
1.2589254117941673, -1419.0, -0.8211805555555556, 2.013842016e6, 5000.5, 121.0, 0.8765432098765433 
1.1748975549395295, -1434.144, -0.8299444444444445, 2.056999344e6, 5000.5, 104.0, 0.9485596707818931 
1.0964781961431849, -1440.068, -0.8333726851851851, 2.073908392e6, 5000.5, 95.5, 0.9320987654320988 
1.023292992280754, -1441.028, -0.8339282407407408, 2.076650488e6, 5000.5, 88.5, 0.9341563786008231 
0.9549925860214358, -1452.396, -0.8405069444444444, 2.109519208e6, 5000.5, 90.0, 0.9650205761316873 
0.8912509381337457, -1456.352, -0.8427962962962964, 2.121010288e6, 5000.5, 87.5, 0.9814814814814815 
0.8317637711026711, -1456.16, -0.8426851851851852, 2.12042456e6, 5000.5, 88.0, 0.9835390946502058 
0.7762471166286917, -1459.308, -0.8445069444444444, 2.129617144e6, 5000.5, 83.5, 0.9814814814814815 
0.72443596007499, -1468.492, -0.8498217592592593, 2.156480488e6, 5000.5, 84.0, 1.0 
0.6760829753919817, -1470.268, -0.850849537037037, 2.161694776e6, 5000.5, 76.0, 0.9897119341563787 
0.6309573444801931, -1471.076, -0.8513171296296297, 2.164069784e6, 5000.5, 78.0, 1.0 
0.588843655355589, -1474.18, -0.853113425925926, 2.173211048e6, 5000.5, 75.0, 1.0 
0.5495408738576246, -1474.36, -0.8532175925925926, 2.173740176e6, 5000.5, 79.5, 1.0 
0.5128613839913649, -1475.168, -0.8536851851851851, 2.176122432e6, 5000.5, 71.0, 0.9711934156378602 
0.4786300923226383, -1475.316, -0.8537708333333334, 2.176558728e6, 5000.5, 96.0, 1.0 
0.4466835921509631, -1475.508, -0.8538819444444444, 2.17712468e6, 5000.5, 84.5, 1.0 
0.4168693834703353, -1475.404, -0.8538217592592593, 2.17681788e6, 5000.5, 77.5, 0.9958847736625516 
0.38904514499428067, -1475.912, -0.8541157407407408, 2.178316464e6, 5000.5, 78.5, 0.9938271604938272 
0.36307805477010135, -1475.972, -0.8541504629629629, 2.1784934e6, 5000.5, 79.5, 1.0 
0.33884415613920255, -1475.652, -0.8539652777777778, 2.177549784e6, 5000.5, 78.5, 1.0 
0.3162277660168379, -1476.0, -0.8541666666666666, 2.178576e6, 5000.5, 69.0, 0.9958847736625516 
0.29512092266663853, -1476.0, -0.8541666666666666, 2.178576e6, 5000.5, 84.0, 0.9958847736625516 
0.2754228703338166, -1475.988, -0.8541597222222223, 2.1785406e6, 5000.5, 71.5, 0.9958847736625516 
0.25703957827688634, -1476.0, -0.8541666666666666, 2.178576e6, 5000.5, 83.5, 0.9958847736625516 
0.23988329190194901, -1476.0, -0.8541666666666666, 2.178576e6, 5000.5, 73.5, 1.0 
0.2238721138568339, -1476.0, -0.8541666666666666, 2.178576e6, 5000.5, 85.5, 1.0 
0.20892961308540386, -1476.0, -0.8541666666666666, 2.178576e6, 5000.5, 82.0, 1.0 
0.1949844599758046, -1476.0, -0.8541666666666666, 2.178576e6, 5000.5, 84.0, 1.0 
0.1819700858609984, -1476.0, -0.8541666666666666, 2.178576e6, 5000.5, 84.0, 1.0 
0.16982436524617447, -1476.0, -0.8541666666666666, 2.178576e6, 5000.5, 84.0, 0.9855967078189302 
0.15848931924611137, -1476.0, -0.8541666666666666, 2.178576e6, 5000.5, 74.0, 1.0 
0.14791083881682077, -1476.0, -0.8541666666666666, 2.178576e6, 5000.5, 86.0, 1.0 
0.1380384264602885, -1476.0, -0.8541666666666666, 2.178576e6, 5000.5, 80.5, 0.9958847736625516 
0.1288249551693134, -1476.0, -0.8541666666666666, 2.178576e6, 5000.5, 76.5, 1.0 
0.12022644346174129, -1476.0, -0.8541666666666666, 2.178576e6, 5000.5, 69.5, 0.9897119341563787 
0.11220184543019632, -1476.0, -0.8541666666666666, 2.178576e6, 5000.5, 78.5, 0.9958847736625516 
0.10471285480508993, -1476.0, -0.8541666666666666, 2.178576e6, 5000.5, 82.0, 1.0 
0.09772372209558106, -1476.0, -0.8541666666666666, 2.178576e6, 5000.5, 77.0, 1.0 
0.09120108393559095, -1476.0, -0.8541666666666666, 2.178576e6, 5000.5, 77.5, 1.0 
0.08511380382023767, -1476.0, -0.8541666666666666, 2.178576e6, 5000.5, 90.0, 1.0 
0.07943282347242817, -1476.0, -0.8541666666666666, 2.178576e6, 5000.5, 72.0, 0.9958847736625516 
0.07413102413009176, -1476.0, -0.8541666666666666, 2.178576e6, 5000.5, 77.0, 0.9917695473251029 
0.06918309709189366, -1476.0, -0.8541666666666666, 2.178576e6, 5000.5, 70.0, 1.0 
0.06456542290346556, -1476.0, -0.8541666666666666, 2.178576e6, 5000.5, 89.0, 1.0 
0.06025595860743578, -1476.0, -0.8541666666666666, 2.178576e6, 5000.5, 72.5, 1.0 
0.05623413251903491, -1476.0, -0.8541666666666666, 2.178576e6, 5000.5, 70.0, 0.9958847736625516 
0.05248074602497725, -1476.0, -0.8541666666666666, 2.178576e6, 5000.5, 77.0, 1.0 
0.04897788193684462, -1476.0, -0.8541666666666666, 2.178576e6, 5000.5, 81.0, 1.0 
0.0457088189614875, -1476.0, -0.8541666666666666, 2.178576e6, 5000.5, 85.5, 1.0 
0.04265795188015926, -1476.0, -0.8541666666666666, 2.178576e6, 5000.5, 84.0, 0.9855967078189302 
0.03981071705534972, -1476.0, -0.8541666666666666, 2.178576e6, 5000.5, 78.5, 1.0 
0.03715352290971724, -1476.0, -0.8541666666666666, 2.178576e6, 5000.5, 79.0, 1.0 
0.03467368504525317, -1476.0, -0.8541666666666666, 2.178576e6, 5000.5, 72.0, 1.0 
0.03235936569296284, -1476.0, -0.8541666666666666, 2.178576e6, 5000.5, 81.5, 1.0 
0.03019951720402017, -1476.0, -0.8541666666666666, 2.178576e6, 5000.5, 93.0, 0.9958847736625516 
0.028183829312644543, -1476.0, -0.8541666666666666, 2.178576e6, 5000.5, 70.5, 1.0 
0.02630267991895382, -1476.0, -0.8541666666666666, 2.178576e6, 5000.5, 86.0, 0.9958847736625516 
0.024547089156850305, -1476.0, -0.8541666666666666, 2.178576e6, 5000.5, 72.5, 1.0 
0.022908676527677727, -1476.0, -0.8541666666666666, 2.178576e6, 5000.5, 74.5, 1.0 
0.02137962089502232, -1476.0, -0.8541666666666666, 2.178576e6, 5000.5, 81.0, 1.0 
0.019952623149688792, -1476.0, -0.8541666666666666, 2.178576e6, 5000.5, 71.5, 1.0 
0.018620871366628673, -1476.0, -0.8541666666666666, 2.178576e6, 5000.5, 80.0, 1.0 
0.01737800828749375, -1476.0, -0.8541666666666666, 2.178576e6, 5000.5, 73.0, 0.9958847736625516 
0.016218100973589295, -1476.0, -0.8541666666666666, 2.178576e6, 5000.5, 83.5, 1.0 
0.015135612484362088, -1476.0, -0.8541666666666666, 2.178576e6, 5000.5, 85.5, 0.9897119341563787 
0.014125375446227549, -1476.0, -0.8541666666666666, 2.178576e6, 5000.5, 74.0, 1.0 
0.013182567385564075, -1476.0, -0.8541666666666666, 2.178576e6, 5000.5, 76.5, 1.0 
0.01230268770812382, -1476.0, -0.8541666666666666, 2.178576e6, 5000.5, 77.0, 0.9958847736625516 
0.011481536214968828, -1476.0, -0.8541666666666666, 2.178576e6, 5000.5, 77.5, 1.0 
0.010715193052376063, -1476.0, -0.8541666666666666, 2.178576e6, 5000.5, 75.0, 1.0 
0.01, -1476.0, -0.8541666666666666, 2.178576e6, 5000.5, 82.5, 0.9855967078189302 
