Simulation:L=5, P_s=1.0, T_swap=10.0, T_1=10.0, T_0=0.1, N_T=50 
Temperature T, <E>(T), <-E/E_0>(T), <E^2>(T), Relaxation Iterations=tau(T), Accepted Candidates A(T), Final Configuration Correlation Function Value 
10.0, -93.48, -0.19475, 8897.12, 0.0, 0.0, 0.0 
9.120108393559098, -95.74, -0.19945833333333332, 9331.24, 0.0, 0.0, 0.0 
8.317637711026709, -98.52, -0.20525, 9884.96, 0.0, 0.0, 0.0 
7.5857757502918375, -99.52, -0.20733333333333331, 10101.44, 0.0, 0.0, 0.0 
6.918309709189366, -98.24, -0.20466666666666666, 9774.08, 0.0, 0.0, 0.0 
6.3095734448019325, -103.1, -0.21479166666666666, 10767.0, 0.0, 0.0, 0.0 
5.7543993733715695, -104.72, -0.21816666666666668, 11155.04, 0.0, 0.0, 0.0 
5.248074602497725, -109.56, -0.22825, 12183.92, 0.0, 0.0, 0.0 
4.786300923226383, -114.1, -0.23770833333333333, 13196.6, 0.0, 0.0, 0.0 
4.36515832240166, -115.6, -0.24083333333333332, 13549.28, 0.0, 0.0, 0.0 
3.9810717055349727, -122.5, -0.2552083333333333, 15196.2, 0.0, 0.0, 0.0 
3.6307805477010135, -127.02, -0.264625, 16376.76, 0.0, 0.0, 0.0 
3.311311214825911, -132.74, -0.2765416666666667, 17880.28, 0.0, 0.0, 0.0 
3.019951720402016, -142.36, -0.29658333333333337, 20477.84, 0.0, 0.0, 0.0 
2.7542287033381663, -153.6, -0.32, 23848.4, 0.0, 0.0, 0.0 
2.51188643150958, -156.98, -0.3270416666666666, 24997.4, 0.0, 0.0, 0.0 
2.2908676527677727, -174.36, -0.36325, 30892.88, 0.0, 0.0, 0.0 
2.089296130854039, -184.66, -0.3847083333333333, 34498.68, 0.0, 0.0, 0.0 
1.9054607179632475, -387.02, -0.8062916666666666, 163496.84, 0.0, 0.0, 0.0 
1.7378008287493754, -479.36, -0.9986666666666667, 229799.68, 0.0, 0.0, 0.0 
1.5848931924611134, -479.68, -0.9993333333333333, 230097.92, 0.0, 0.0, 0.0 
1.4454397707459277, -480.0, -1.0, 230400.0, 0.0, 0.0, 0.0 
1.318256738556407, -480.0, -1.0, 230400.0, 0.0, 0.0, 0.0 
1.202264434617413, -480.0, -1.0, 230400.0, 0.0, 0.0, 0.0 
1.096478196143185, -480.0, -1.0, 230400.0, 0.0, 0.0, 0.0 
1.0, -480.0, -1.0, 230400.0, 0.0, 0.0, 0.0 
0.9120108393559097, -480.0, -1.0, 230400.0, 0.0, 0.0, 0.0 
0.8317637711026709, -480.0, -1.0, 230400.0, 0.0, 0.0, 0.0 
0.7585775750291835, -480.0, -1.0, 230400.0, 0.0, 0.0, 0.0 
0.6918309709189365, -480.0, -1.0, 230400.0, 0.0, 0.0, 0.0 
0.6309573444801932, -480.0, -1.0, 230400.0, 0.0, 0.0, 0.0 
0.5754399373371569, -480.0, -1.0, 230400.0, 0.0, 0.0, 0.0 
0.5248074602497725, -480.0, -1.0, 230400.0, 0.0, 0.0, 0.0 
0.4786300923226383, -480.0, -1.0, 230400.0, 0.0, 0.0, 0.0 
0.4365158322401659, -480.0, -1.0, 230400.0, 0.0, 0.0, 0.0 
0.3981071705534973, -480.0, -1.0, 230400.0, 0.0, 0.0, 0.0 
0.36307805477010135, -480.0, -1.0, 230400.0, 0.0, 0.0, 0.0 
0.33113112148259116, -480.0, -1.0, 230400.0, 0.0, 0.0, 0.0 
0.3019951720402016, -480.0, -1.0, 230400.0, 0.0, 0.0, 0.0 
0.2754228703338166, -480.0, -1.0, 230400.0, 0.0, 0.0, 0.0 
0.25118864315095796, -480.0, -1.0, 230400.0, 0.0, 0.0, 0.0 
0.22908676527677738, -480.0, -1.0, 230400.0, 0.0, 0.0, 0.0 
0.208929613085404, -480.0, -1.0, 230400.0, 0.0, 0.0, 0.0 
0.19054607179632474, -480.0, -1.0, 230400.0, 0.0, 0.0, 0.0 
0.17378008287493754, -480.0, -1.0, 230400.0, 0.0, 0.0, 0.0 
0.15848931924611134, -480.0, -1.0, 230400.0, 0.0, 0.0, 0.0 
0.1445439770745927, -480.0, -1.0, 230400.0, 0.0, 0.0, 0.0 
0.13182567385564076, -480.0, -1.0, 230400.0, 0.0, 0.0, 0.0 
0.12022644346174131, -480.0, -1.0, 230400.0, 0.0, 0.0, 0.0 
0.1096478196143185, -480.0, -1.0, 230400.0, 0.0, 0.0, 0.0 
0.1, -480.0, -1.0, 230400.0, 0.0, 0.0, 0.0 
