Simulation:L=3, P_s=1.0, T_swap=10.0, T_1=10.0, T_0=0.1, N_T=50 
Temperature T, <E>(T), <-E/E_0>(T), <E^2>(T), Relaxation Iterations=tau(T), Accepted Candidates A(T), Final Configuration Correlation Function Value 
10.0, -28.24, -0.1961111111111111, 844.8, 0.0, 0.0, 0.0 
9.120108393559098, -28.34, -0.19680555555555557, 852.68, 0.0, 0.0, 0.0 
8.317637711026709, -28.34, -0.19680555555555557, 852.04, 0.0, 0.0, 0.0 
7.5857757502918375, -29.22, -0.20291666666666666, 904.6, 0.0, 0.0, 0.0 
6.918309709189366, -29.6, -0.20555555555555557, 928.56, 0.0, 0.0, 0.0 
6.3095734448019325, -31.76, -0.22055555555555556, 1083.92, 0.0, 0.0, 0.0 
5.7543993733715695, -30.36, -0.21083333333333332, 982.72, 0.0, 0.0, 0.0 
5.248074602497725, -32.58, -0.22624999999999998, 1112.12, 0.0, 0.0, 0.0 
4.786300923226383, -32.96, -0.2288888888888889, 1136.0, 0.0, 0.0, 0.0 
4.36515832240166, -33.08, -0.22972222222222222, 1157.44, 0.0, 0.0, 0.0 
3.9810717055349727, -36.64, -0.2544444444444445, 1404.08, 0.0, 0.0, 0.0 
3.6307805477010135, -36.96, -0.25666666666666665, 1445.2, 0.0, 0.0, 0.0 
3.311311214825911, -38.74, -0.2690277777777778, 1579.4, 0.0, 0.0, 0.0 
3.019951720402016, -40.1, -0.27847222222222223, 1674.6, 0.0, 0.0, 0.0 
2.7542287033381663, -45.24, -0.3141666666666667, 2145.92, 0.0, 0.0, 0.0 
2.51188643150958, -45.34, -0.31486111111111115, 2131.64, 0.0, 0.0, 0.0 
2.2908676527677727, -51.56, -0.35805555555555557, 2845.28, 0.0, 0.0, 0.0 
2.089296130854039, -51.64, -0.3586111111111111, 2821.92, 0.0, 0.0, 0.0 
1.9054607179632475, -144.0, -1.0, 20736.0, 0.0, 0.0, 0.0 
1.7378008287493754, -144.0, -1.0, 20736.0, 0.0, 0.0, 0.0 
1.5848931924611134, -144.0, -1.0, 20736.0, 0.0, 0.0, 0.0 
1.4454397707459277, -144.0, -1.0, 20736.0, 0.0, 0.0, 0.0 
1.318256738556407, -144.0, -1.0, 20736.0, 0.0, 0.0, 0.0 
1.202264434617413, -144.0, -1.0, 20736.0, 0.0, 0.0, 0.0 
1.096478196143185, -144.0, -1.0, 20736.0, 0.0, 0.0, 0.0 
1.0, -144.0, -1.0, 20736.0, 0.0, 0.0, 0.0 
0.9120108393559097, -144.0, -1.0, 20736.0, 0.0, 0.0, 0.0 
0.8317637711026709, -144.0, -1.0, 20736.0, 0.0, 0.0, 0.0 
0.7585775750291835, -144.0, -1.0, 20736.0, 0.0, 0.0, 0.0 
0.6918309709189365, -144.0, -1.0, 20736.0, 0.0, 0.0, 0.0 
0.6309573444801932, -144.0, -1.0, 20736.0, 0.0, 0.0, 0.0 
0.5754399373371569, -144.0, -1.0, 20736.0, 0.0, 0.0, 0.0 
0.5248074602497725, -144.0, -1.0, 20736.0, 0.0, 0.0, 0.0 
0.4786300923226383, -144.0, -1.0, 20736.0, 0.0, 0.0, 0.0 
0.4365158322401659, -144.0, -1.0, 20736.0, 0.0, 0.0, 0.0 
0.3981071705534973, -144.0, -1.0, 20736.0, 0.0, 0.0, 0.0 
0.36307805477010135, -144.0, -1.0, 20736.0, 0.0, 0.0, 0.0 
0.33113112148259116, -144.0, -1.0, 20736.0, 0.0, 0.0, 0.0 
0.3019951720402016, -144.0, -1.0, 20736.0, 0.0, 0.0, 0.0 
0.2754228703338166, -144.0, -1.0, 20736.0, 0.0, 0.0, 0.0 
0.25118864315095796, -144.0, -1.0, 20736.0, 0.0, 0.0, 0.0 
0.22908676527677738, -144.0, -1.0, 20736.0, 0.0, 0.0, 0.0 
0.208929613085404, -144.0, -1.0, 20736.0, 0.0, 0.0, 0.0 
0.19054607179632474, -144.0, -1.0, 20736.0, 0.0, 0.0, 0.0 
0.17378008287493754, -144.0, -1.0, 20736.0, 0.0, 0.0, 0.0 
0.15848931924611134, -144.0, -1.0, 20736.0, 0.0, 0.0, 0.0 
0.1445439770745927, -144.0, -1.0, 20736.0, 0.0, 0.0, 0.0 
0.13182567385564076, -144.0, -1.0, 20736.0, 0.0, 0.0, 0.0 
0.12022644346174131, -144.0, -1.0, 20736.0, 0.0, 0.0, 0.0 
0.1096478196143185, -144.0, -1.0, 20736.0, 0.0, 0.0, 0.0 
0.1, -144.0, -1.0, 20736.0, 0.0, 0.0, 0.0 
