Simulation:L=9, P_s=1.0, T_swap=10.0, T_1=10.0, T_0=0.1, N_T=50 
Temperature T, <E>(T), <-E/E_0>(T), <E^2>(T), Relaxation Iterations=tau(T), Accepted Candidates A(T), Final Configuration Correlation Function Value 
10.0, -338.92, -0.19613425925925926, 115349.44, 0.0, 0.0, 0.0 
9.120108393559098, -348.74, -0.20181712962962964, 122334.84, 0.0, 0.0, 0.0 
8.317637711026709, -357.4, -0.20682870370370368, 128145.68, 0.0, 0.0, 0.0 
7.5857757502918375, -360.72, -0.20875000000000002, 130777.28, 0.0, 0.0, 0.0 
6.918309709189366, -365.88, -0.2117361111111111, 134577.76, 0.0, 0.0, 0.0 
6.3095734448019325, -382.26, -0.22121527777777777, 146949.56, 0.0, 0.0, 0.0 
5.7543993733715695, -392.18, -0.22695601851851852, 154242.92, 0.0, 0.0, 0.0 
5.248074602497725, -400.96, -0.23203703703703701, 161436.72, 0.0, 0.0, 0.0 
4.786300923226383, -406.6, -0.23530092592592594, 166210.24, 0.0, 0.0, 0.0 
4.36515832240166, -420.94, -0.24359953703703704, 177854.84, 0.0, 0.0, 0.0 
3.9810717055349727, -448.9, -0.2597800925925926, 202311.4, 0.0, 0.0, 0.0 
3.6307805477010135, -464.36, -0.26872685185185186, 216520.08, 0.0, 0.0, 0.0 
3.311311214825911, -485.8, -0.2811342592592593, 236993.52, 0.0, 0.0, 0.0 
3.019951720402016, -510.1, -0.29519675925925926, 261079.64, 0.0, 0.0, 0.0 
2.7542287033381663, -544.12, -0.3148842592592593, 296945.92, 0.0, 0.0, 0.0 
2.51188643150958, -573.2, -0.331712962962963, 329554.64, 0.0, 0.0, 0.0 
2.2908676527677727, -623.36, -0.36074074074074075, 389870.24, 0.0, 0.0, 0.0 
2.089296130854039, -700.6, -0.40543981481481484, 492499.36, 0.0, 0.0, 0.0 
1.9054607179632475, -793.08, -0.45895833333333336, 631969.92, 0.0, 0.0, 0.0 
1.7378008287493754, -1136.68, -0.657800925925926, 1.31894544e6, 0.0, 0.0, 0.0 
1.5848931924611134, -1694.74, -0.9807523148148148, 2.87465188e6, 0.0, 0.0, 0.0 
1.4454397707459277, -1725.28, -0.9984259259259259, 2.97663616e6, 0.0, 0.0, 0.0 
1.318256738556407, -1727.84, -0.9999074074074074, 2.9854336e6, 0.0, 0.0, 0.0 
1.202264434617413, -1728.0, -1.0, 2.985984e6, 0.0, 0.0, 0.0 
1.096478196143185, -1728.0, -1.0, 2.985984e6, 0.0, 0.0, 0.0 
1.0, -1728.0, -1.0, 2.985984e6, 0.0, 0.0, 0.0 
0.9120108393559097, -1728.0, -1.0, 2.985984e6, 0.0, 0.0, 0.0 
0.8317637711026709, -1728.0, -1.0, 2.985984e6, 0.0, 0.0, 0.0 
0.7585775750291835, -1728.0, -1.0, 2.985984e6, 0.0, 0.0, 0.0 
0.6918309709189365, -1728.0, -1.0, 2.985984e6, 0.0, 0.0, 0.0 
0.6309573444801932, -1728.0, -1.0, 2.985984e6, 0.0, 0.0, 0.0 
0.5754399373371569, -1728.0, -1.0, 2.985984e6, 0.0, 0.0, 0.0 
0.5248074602497725, -1728.0, -1.0, 2.985984e6, 0.0, 0.0, 0.0 
0.4786300923226383, -1728.0, -1.0, 2.985984e6, 0.0, 0.0, 0.0 
0.4365158322401659, -1728.0, -1.0, 2.985984e6, 0.0, 0.0, 0.0 
0.3981071705534973, -1728.0, -1.0, 2.985984e6, 0.0, 0.0, 0.0 
0.36307805477010135, -1728.0, -1.0, 2.985984e6, 0.0, 0.0, 0.0 
0.33113112148259116, -1728.0, -1.0, 2.985984e6, 0.0, 0.0, 0.0 
0.3019951720402016, -1728.0, -1.0, 2.985984e6, 0.0, 0.0, 0.0 
0.2754228703338166, -1728.0, -1.0, 2.985984e6, 0.0, 0.0, 0.0 
0.25118864315095796, -1728.0, -1.0, 2.985984e6, 0.0, 0.0, 0.0 
0.22908676527677738, -1728.0, -1.0, 2.985984e6, 0.0, 0.0, 0.0 
0.208929613085404, -1728.0, -1.0, 2.985984e6, 0.0, 0.0, 0.0 
0.19054607179632474, -1728.0, -1.0, 2.985984e6, 0.0, 0.0, 0.0 
0.17378008287493754, -1728.0, -1.0, 2.985984e6, 0.0, 0.0, 0.0 
0.15848931924611134, -1728.0, -1.0, 2.985984e6, 0.0, 0.0, 0.0 
0.1445439770745927, -1728.0, -1.0, 2.985984e6, 0.0, 0.0, 0.0 
0.13182567385564076, -1728.0, -1.0, 2.985984e6, 0.0, 0.0, 0.0 
0.12022644346174131, -1728.0, -1.0, 2.985984e6, 0.0, 0.0, 0.0 
0.1096478196143185, -1728.0, -1.0, 2.985984e6, 0.0, 0.0, 0.0 
0.1, -1728.0, -1.0, 2.985984e6, 0.0, 0.0, 0.0 
