Simulation:L=5, P_s=1.0, T_swap=10.0, T_1=10.0, T_0=0.1, N_T=100 
Temperature T, <E>(T), <-E/E_0>(T), <E^2>(T), Relaxation Iterations=tau(T), Accepted Candidates A(T), Final Configuration Correlation Function Value 
10.0, -93.892, -0.19560833333333333, 8965.0, 5000.5, 4176.5, 0.18666666666666668 
9.54992586021436, -94.216, -0.1962833333333333, 9043.696, 5000.5, 4164.0, 0.18000000000000002 
9.120108393559098, -94.828, -0.19755833333333334, 9143.016, 5000.5, 4131.0, 0.14666666666666667 
8.709635899560807, -95.292, -0.198525, 9241.992, 5000.5, 4055.5, 0.15333333333333335 
8.317637711026709, -97.388, -0.20289166666666666, 9629.768, 5000.5, 4014.5, 0.22666666666666668 
7.943282347242815, -96.776, -0.20161666666666667, 9507.424, 5000.5, 3991.0, 0.15333333333333335 
7.5857757502918375, -98.836, -0.20590833333333333, 9918.664, 5000.5, 3907.0, 0.22666666666666668 
7.2443596007499, -97.832, -0.20381666666666665, 9721.824, 5000.5, 3883.5, 0.2 
6.918309709189366, -100.048, -0.20843333333333333, 10171.2, 5000.5, 3823.0, 0.17333333333333334 
6.60693448007596, -101.776, -0.21203333333333332, 10534.064, 5000.5, 3781.5, 0.2066666666666667 
6.3095734448019325, -102.944, -0.21446666666666667, 10771.088, 5000.5, 3774.0, 0.22666666666666668 
6.025595860743578, -104.28, -0.21725, 11060.4, 5000.5, 3663.5, 0.18666666666666668 
5.7543993733715695, -106.032, -0.22089999999999999, 11429.136, 5000.5, 3610.5, 0.22666666666666668 
5.495408738576245, -105.992, -0.2208166666666667, 11393.744, 5000.5, 3536.0, 0.2066666666666667 
5.248074602497725, -107.916, -0.224825, 11830.376, 5000.5, 3511.0, 0.18000000000000002 
5.011872336272724, -108.164, -0.22534166666666666, 11881.512, 5000.5, 3403.0, 0.18666666666666668 
4.786300923226383, -111.648, -0.2326, 12619.552, 5000.5, 3334.5, 0.2066666666666667 
4.57088189614875, -113.608, -0.23668333333333333, 13110.0, 5000.5, 3221.0, 0.16666666666666669 
4.36515832240166, -113.716, -0.23690833333333333, 13117.0, 5000.5, 3066.5, 0.21333333333333335 
4.168693834703355, -117.428, -0.24464166666666667, 14002.456, 5000.5, 3003.5, 0.21333333333333335 
3.9810717055349727, -118.252, -0.24635833333333332, 14170.712, 5000.5, 2907.5, 0.23333333333333334 
3.801893963205612, -120.68, -0.2514166666666667, 14748.768, 5000.5, 2867.5, 0.2066666666666667 
3.6307805477010135, -123.528, -0.25735, 15454.56, 5000.5, 2850.0, 0.24000000000000002 
3.467368504525316, -126.008, -0.2625166666666667, 16080.656, 5000.5, 2674.5, 0.23333333333333334 
3.311311214825911, -126.508, -0.26355833333333334, 16206.696, 5000.5, 2533.5, 0.23333333333333334 
3.1622776601683795, -131.132, -0.27319166666666667, 17390.152, 5000.5, 2461.5, 0.18666666666666668 
3.019951720402016, -133.66, -0.2784583333333333, 18067.736, 5000.5, 2340.0, 0.2 
2.8840315031266055, -137.148, -0.285725, 19002.952, 5000.5, 2145.5, 0.22 
2.7542287033381663, -142.048, -0.2959333333333333, 20418.416, 5000.5, 2087.5, 0.22666666666666668 
2.6302679918953817, -144.864, -0.3018, 21195.152, 5000.5, 1962.0, 0.19333333333333336 
2.51188643150958, -150.148, -0.3128083333333333, 22766.216, 5000.5, 1802.0, 0.21333333333333335 
2.3988329190194904, -153.664, -0.3201333333333333, 23880.32, 5000.5, 1838.0, 0.17333333333333334 
2.2908676527677727, -159.116, -0.3314916666666667, 25558.648, 5000.5, 1540.5, 0.22 
2.1877616239495525, -165.896, -0.3456166666666666, 27792.048, 5000.5, 1597.5, 0.24000000000000002 
2.089296130854039, -169.696, -0.3535333333333333, 29103.728, 5000.5, 1287.0, 0.19333333333333336 
1.9952623149688797, -175.428, -0.365475, 31090.52, 5000.5, 1183.5, 0.19333333333333336 
1.9054607179632475, -185.544, -0.38655, 34735.104, 5000.5, 1107.0, 0.18000000000000002 
1.8197008586099837, -194.776, -0.40578333333333333, 38268.72, 5000.5, 1005.5, 0.24000000000000002 
1.7378008287493754, -206.156, -0.42949166666666666, 42908.504, 5000.5, 812.5, 0.31333333333333335 
1.6595869074375604, -219.308, -0.45689166666666664, 48623.656, 5000.5, 656.5, 0.22 
1.5848931924611134, -239.02, -0.49795833333333334, 57952.712, 5000.5, 512.0, 0.23333333333333334 
1.5135612484362082, -260.116, -0.5419083333333333, 68560.584, 5000.5, 525.0, 0.2866666666666667 
1.4454397707459277, -289.616, -0.6033666666666666, 84513.2, 5000.5, 367.0, 0.4133333333333334 
1.380384264602885, -310.524, -0.646925, 96827.608, 5000.5, 343.5, 0.3066666666666667 
1.318256738556407, -326.916, -0.681075, 107101.16, 5000.5, 254.0, 0.5866666666666667 
1.2589254117941673, -334.144, -0.6961333333333334, 111812.88, 5000.5, 194.5, 0.76 
1.202264434617413, -341.436, -0.711325, 116711.752, 5000.5, 200.5, 0.7266666666666667 
1.148153621496883, -346.992, -0.7229, 120511.152, 5000.5, 206.0, 0.7666666666666667 
1.096478196143185, -346.736, -0.7223666666666666, 120302.896, 5000.5, 190.5, 0.7666666666666667 
1.0471285480508996, -353.856, -0.7372, 125265.968, 5000.5, 153.0, 0.8533333333333334 
1.0, -351.988, -0.7333083333333333, 123953.336, 5000.5, 140.5, 0.9400000000000001 
0.9549925860214359, -356.012, -0.7416916666666666, 126781.256, 5000.5, 130.5, 0.9333333333333333 
0.9120108393559097, -362.116, -0.7544083333333333, 131148.424, 5000.5, 140.0, 0.9600000000000001 
0.8709635899560806, -358.18, -0.7462083333333334, 128318.808, 5000.5, 166.0, 0.8733333333333334 
0.8317637711026709, -358.74, -0.747375, 128717.32, 5000.5, 146.0, 0.9133333333333334 
0.7943282347242814, -361.164, -0.752425, 130460.712, 5000.5, 148.5, 0.8533333333333334 
0.7585775750291835, -361.996, -0.7541583333333333, 131050.68, 5000.5, 149.5, 0.9733333333333334 
0.7244359600749903, -363.432, -0.75715, 132092.16, 5000.5, 138.0, 0.9866666666666667 
0.6918309709189365, -364.308, -0.758975, 132725.016, 5000.5, 132.5, 1.0 
0.6606934480075961, -365.708, -0.7618916666666667, 133743.4, 5000.5, 139.0, 1.0 
0.6309573444801932, -364.604, -0.7595916666666667, 132939.768, 5000.5, 135.0, 1.0 
0.6025595860743578, -364.692, -0.759775, 133003.336, 5000.5, 124.0, 1.0 
0.5754399373371569, -365.868, -0.762225, 133859.688, 5000.5, 121.5, 0.9666666666666667 
0.5495408738576245, -365.968, -0.7624333333333334, 133932.64, 5000.5, 119.5, 1.0 
0.5248074602497725, -365.868, -0.762225, 133859.736, 5000.5, 114.5, 1.0 
0.5011872336272722, -365.856, -0.7622, 133851.2, 5000.5, 117.0, 1.0 
0.4786300923226383, -365.936, -0.7623666666666666, 133909.408, 5000.5, 123.0, 1.0 
0.4570881896148749, -365.984, -0.7624666666666666, 133944.352, 5000.5, 123.0, 1.0 
0.4365158322401659, -366.0, -0.7625, 133956.0, 5000.5, 127.0, 1.0 
0.41686938347033553, -365.12, -0.7606666666666667, 133313.664, 5000.5, 125.5, 1.0 
0.3981071705534973, -365.292, -0.761025, 133439.192, 5000.5, 118.5, 1.0 
0.38018939632056126, -366.0, -0.7625, 133956.0, 5000.5, 124.0, 1.0 
0.36307805477010135, -366.0, -0.7625, 133956.0, 5000.5, 115.5, 1.0 
0.34673685045253166, -366.0, -0.7625, 133956.0, 5000.5, 110.5, 1.0 
0.33113112148259116, -366.0, -0.7625, 133956.0, 5000.5, 128.0, 1.0 
0.3162277660168379, -366.0, -0.7625, 133956.0, 5000.5, 134.5, 1.0 
0.3019951720402016, -366.0, -0.7625, 133956.0, 5000.5, 136.5, 1.0 
0.28840315031266056, -366.0, -0.7625, 133956.0, 5000.5, 112.5, 1.0 
0.2754228703338166, -366.0, -0.7625, 133956.0, 5000.5, 127.5, 1.0 
0.26302679918953814, -366.0, -0.7625, 133956.0, 5000.5, 127.5, 1.0 
0.25118864315095796, -366.0, -0.7625, 133956.0, 5000.5, 137.0, 1.0 
0.23988329190194901, -366.0, -0.7625, 133956.0, 5000.5, 135.5, 1.0 
0.22908676527677738, -366.0, -0.7625, 133956.0, 5000.5, 124.5, 1.0 
0.2187761623949553, -366.0, -0.7625, 133956.0, 5000.5, 121.0, 1.0 
0.208929613085404, -366.0, -0.7625, 133956.0, 5000.5, 121.0, 1.0 
0.19952623149688797, -366.0, -0.7625, 133956.0, 5000.5, 146.5, 1.0 
0.19054607179632474, -366.0, -0.7625, 133956.0, 5000.5, 117.0, 1.0 
0.18197008586099836, -366.0, -0.7625, 133956.0, 5000.5, 135.0, 1.0 
0.17378008287493754, -366.0, -0.7625, 133956.0, 5000.5, 125.5, 1.0 
0.16595869074375605, -366.0, -0.7625, 133956.0, 5000.5, 130.5, 1.0 
0.15848931924611134, -366.0, -0.7625, 133956.0, 5000.5, 121.5, 1.0 
0.1513561248436208, -366.0, -0.7625, 133956.0, 5000.5, 111.5, 1.0 
0.1445439770745927, -366.0, -0.7625, 133956.0, 5000.5, 121.5, 1.0 
0.13803842646028847, -366.0, -0.7625, 133956.0, 5000.5, 129.0, 1.0 
0.13182567385564076, -366.0, -0.7625, 133956.0, 5000.5, 123.0, 1.0 
0.12589254117941676, -366.0, -0.7625, 133956.0, 5000.5, 112.5, 1.0 
0.12022644346174131, -366.0, -0.7625, 133956.0, 5000.5, 140.5, 1.0 
0.1148153621496883, -366.0, -0.7625, 133956.0, 5000.5, 126.0, 1.0 
0.1096478196143185, -366.0, -0.7625, 133956.0, 5000.5, 117.5, 1.0 
0.10471285480508996, -366.0, -0.7625, 133956.0, 5000.5, 105.5, 1.0 
0.1, -366.0, -0.7625, 133956.0, 5000.5, 115.0, 1.0 
