Simulation:L=5, P_s=0.0, T_swap=10.0, T_1=10.0, T_0=0.1, N_T=100 
Temperature T, <E>(T), <-E/E_0>(T), <E^2>(T), Relaxation Iterations=tau(T), Accepted Candidates A(T), Final Configuration Correlation Function Value 
10.0, -113.032, -0.23548333333333332, 13047.264, 5000.5, 3292.5, 0.23333333333333334 
9.54992586021436, -112.036, -0.23340833333333333, 12812.456, 5000.5, 3342.0, 0.36000000000000004 
9.120108393559098, -116.028, -0.24172500000000002, 13741.912, 5000.5, 3213.5, 0.24000000000000002 
8.709635899560807, -115.392, -0.2404, 13594.848, 5000.5, 3073.0, 0.26666666666666666 
8.317637711026709, -118.636, -0.2471583333333333, 14356.2, 5000.5, 3011.0, 0.2066666666666667 
7.943282347242815, -119.288, -0.24851666666666666, 14510.144, 5000.5, 2900.5, 0.29333333333333333 
7.5857757502918375, -122.48, -0.25516666666666665, 15321.904, 5000.5, 2859.0, 0.24000000000000002 
7.2443596007499, -122.156, -0.25449166666666667, 15194.536, 5000.5, 2764.0, 0.17333333333333334 
6.918309709189366, -125.528, -0.2615166666666667, 16052.496, 5000.5, 2665.0, 0.2066666666666667 
6.60693448007596, -123.568, -0.25743333333333335, 15545.056, 5000.5, 2532.5, 0.29333333333333333 
6.3095734448019325, -127.916, -0.2664916666666667, 16607.304, 5000.5, 2374.0, 0.26666666666666666 
6.025595860743578, -128.712, -0.26815, 16838.08, 5000.5, 2321.0, 0.31333333333333335 
5.7543993733715695, -131.784, -0.27454999999999996, 17619.84, 5000.5, 2189.5, 0.2866666666666667 
5.495408738576245, -135.352, -0.28198333333333336, 18601.072, 5000.5, 1993.0, 0.2 
5.248074602497725, -135.38, -0.28204166666666663, 18633.096, 5000.5, 1996.0, 0.33333333333333337 
5.011872336272724, -138.264, -0.28805000000000003, 19397.872, 5000.5, 1898.5, 0.28 
4.786300923226383, -140.22, -0.292125, 19908.76, 5000.5, 1698.0, 0.18666666666666668 
4.57088189614875, -139.172, -0.28994166666666665, 19639.544, 5000.5, 1536.5, 0.31333333333333335 
4.36515832240166, -146.136, -0.30445, 21667.552, 5000.5, 1407.0, 0.2733333333333334 
4.168693834703355, -147.292, -0.30685833333333334, 21982.04, 5000.5, 1477.5, 0.24000000000000002 
3.9810717055349727, -154.656, -0.3222, 24229.568, 5000.5, 1250.0, 0.23333333333333334 
3.801893963205612, -159.384, -0.33204999999999996, 25693.888, 5000.5, 1247.0, 0.22 
3.6307805477010135, -159.424, -0.33213333333333334, 25756.352, 5000.5, 1027.0, 0.39333333333333337 
3.467368504525316, -158.952, -0.33115, 25585.216, 5000.5, 752.5, 0.24000000000000002 
3.311311214825911, -165.988, -0.34580833333333333, 27861.336, 5000.5, 831.0, 0.2866666666666667 
3.1622776601683795, -173.532, -0.36152500000000004, 30408.056, 5000.5, 822.0, 0.32666666666666666 
3.019951720402016, -175.78, -0.36620833333333336, 31328.264, 5000.5, 441.5, 0.4466666666666667 
2.8840315031266055, -191.468, -0.39889166666666664, 37224.52, 5000.5, 558.0, 0.36000000000000004 
2.7542287033381663, -198.636, -0.413825, 40286.456, 5000.5, 555.5, 0.35333333333333333 
2.6302679918953817, -214.288, -0.44643333333333335, 46585.424, 5000.5, 574.5, 0.38 
2.51188643150958, -239.52, -0.499, 57914.48, 5000.5, 342.5, 0.42000000000000004 
2.3988329190194904, -234.636, -0.488825, 55601.912, 5000.5, 325.0, 0.49333333333333335 
2.2908676527677727, -283.54, -0.5907083333333334, 80484.04, 5000.5, 115.5, 0.7666666666666667 
2.1877616239495525, -268.18, -0.5587083333333334, 72036.728, 5000.5, 12.0, 1.0 
2.089296130854039, -276.58, -0.5762083333333333, 76567.24, 5000.5, 3.0, 1.0 
1.9952623149688797, -284.852, -0.5934416666666666, 81155.256, 5000.5, 0.0, 1.0 
1.9054607179632475, -281.964, -0.587425, 79530.504, 5000.5, 103.5, 0.8933333333333334 
1.8197008586099837, -285.912, -0.5956499999999999, 81746.96, 5000.5, 2.0, 1.0 
1.7378008287493754, -285.916, -0.5956583333333333, 81749.144, 5000.5, 1.0, 1.0 
1.6595869074375604, -286.232, -0.5963166666666667, 81929.632, 5000.5, 1.0, 1.0 
1.5848931924611134, -289.976, -0.6041166666666666, 84086.368, 5000.5, 0.0, 1.0 
1.5135612484362082, -289.98, -0.604125, 84088.6, 5000.5, 0.0, 1.0 
1.4454397707459277, -289.98, -0.604125, 84088.6, 5000.5, 1.0, 1.0 
1.380384264602885, -289.976, -0.6041166666666666, 84086.368, 5000.5, 0.0, 1.0 
1.318256738556407, -290.0, -0.6041666666666666, 84100.0, 5000.5, 1.0, 1.0 
1.2589254117941673, -290.0, -0.6041666666666666, 84100.0, 5000.5, 0.0, 1.0 
1.202264434617413, -290.0, -0.6041666666666666, 84100.0, 5000.5, 0.0, 1.0 
1.148153621496883, -290.0, -0.6041666666666666, 84100.0, 5000.5, 0.0, 1.0 
1.096478196143185, -290.0, -0.6041666666666666, 84100.0, 5000.5, 0.0, 1.0 
1.0471285480508996, -290.0, -0.6041666666666666, 84100.0, 5000.5, 0.0, 1.0 
1.0, -290.0, -0.6041666666666666, 84100.0, 5000.5, 0.0, 1.0 
0.9549925860214359, -290.0, -0.6041666666666666, 84100.0, 5000.5, 0.0, 1.0 
0.9120108393559097, -290.0, -0.6041666666666666, 84100.0, 5000.5, 0.0, 1.0 
0.8709635899560806, -290.0, -0.6041666666666666, 84100.0, 5000.5, 0.0, 1.0 
0.8317637711026709, -290.0, -0.6041666666666666, 84100.0, 5000.5, 0.0, 1.0 
0.7943282347242814, -290.0, -0.6041666666666666, 84100.0, 5000.5, 0.0, 1.0 
0.7585775750291835, -290.0, -0.6041666666666666, 84100.0, 5000.5, 0.0, 1.0 
0.7244359600749903, -290.0, -0.6041666666666666, 84100.0, 5000.5, 0.0, 1.0 
0.6918309709189365, -290.0, -0.6041666666666666, 84100.0, 5000.5, 0.0, 1.0 
0.6606934480075961, -290.0, -0.6041666666666666, 84100.0, 5000.5, 0.0, 1.0 
0.6309573444801932, -290.0, -0.6041666666666666, 84100.0, 5000.5, 0.0, 1.0 
0.6025595860743578, -290.0, -0.6041666666666666, 84100.0, 5000.5, 0.0, 1.0 
0.5754399373371569, -290.0, -0.6041666666666666, 84100.0, 5000.5, 0.0, 1.0 
0.5495408738576245, -290.0, -0.6041666666666666, 84100.0, 5000.5, 0.0, 1.0 
0.5248074602497725, -290.0, -0.6041666666666666, 84100.0, 5000.5, 0.0, 1.0 
0.5011872336272722, -290.0, -0.6041666666666666, 84100.0, 5000.5, 0.0, 1.0 
0.4786300923226383, -290.0, -0.6041666666666666, 84100.0, 5000.5, 0.0, 1.0 
0.4570881896148749, -290.0, -0.6041666666666666, 84100.0, 5000.5, 0.0, 1.0 
0.4365158322401659, -290.0, -0.6041666666666666, 84100.0, 5000.5, 0.0, 1.0 
0.41686938347033553, -290.0, -0.6041666666666666, 84100.0, 5000.5, 0.0, 1.0 
0.3981071705534973, -290.0, -0.6041666666666666, 84100.0, 5000.5, 0.0, 1.0 
0.38018939632056126, -290.0, -0.6041666666666666, 84100.0, 5000.5, 0.0, 1.0 
0.36307805477010135, -290.0, -0.6041666666666666, 84100.0, 5000.5, 0.0, 1.0 
0.34673685045253166, -290.0, -0.6041666666666666, 84100.0, 5000.5, 0.0, 1.0 
0.33113112148259116, -290.0, -0.6041666666666666, 84100.0, 5000.5, 0.0, 1.0 
0.3162277660168379, -290.0, -0.6041666666666666, 84100.0, 5000.5, 0.0, 1.0 
0.3019951720402016, -290.0, -0.6041666666666666, 84100.0, 5000.5, 0.0, 1.0 
0.28840315031266056, -290.0, -0.6041666666666666, 84100.0, 5000.5, 0.0, 1.0 
0.2754228703338166, -290.0, -0.6041666666666666, 84100.0, 5000.5, 0.0, 1.0 
0.26302679918953814, -290.0, -0.6041666666666666, 84100.0, 5000.5, 0.0, 1.0 
0.25118864315095796, -290.0, -0.6041666666666666, 84100.0, 5000.5, 0.0, 1.0 
0.23988329190194901, -290.0, -0.6041666666666666, 84100.0, 5000.5, 0.0, 1.0 
0.22908676527677738, -290.0, -0.6041666666666666, 84100.0, 5000.5, 0.0, 1.0 
0.2187761623949553, -290.0, -0.6041666666666666, 84100.0, 5000.5, 0.0, 1.0 
0.208929613085404, -290.0, -0.6041666666666666, 84100.0, 5000.5, 0.0, 1.0 
0.19952623149688797, -290.0, -0.6041666666666666, 84100.0, 5000.5, 0.0, 1.0 
0.19054607179632474, -290.0, -0.6041666666666666, 84100.0, 5000.5, 0.0, 1.0 
0.18197008586099836, -290.0, -0.6041666666666666, 84100.0, 5000.5, 0.0, 1.0 
0.17378008287493754, -290.0, -0.6041666666666666, 84100.0, 5000.5, 0.0, 1.0 
0.16595869074375605, -290.0, -0.6041666666666666, 84100.0, 5000.5, 0.0, 1.0 
0.15848931924611134, -290.0, -0.6041666666666666, 84100.0, 5000.5, 0.0, 1.0 
0.1513561248436208, -290.0, -0.6041666666666666, 84100.0, 5000.5, 0.0, 1.0 
0.1445439770745927, -290.0, -0.6041666666666666, 84100.0, 5000.5, 0.0, 1.0 
0.13803842646028847, -290.0, -0.6041666666666666, 84100.0, 5000.5, 0.0, 1.0 
0.13182567385564076, -290.0, -0.6041666666666666, 84100.0, 5000.5, 0.0, 1.0 
0.12589254117941676, -290.0, -0.6041666666666666, 84100.0, 5000.5, 0.0, 1.0 
0.12022644346174131, -290.0, -0.6041666666666666, 84100.0, 5000.5, 0.0, 1.0 
0.1148153621496883, -290.0, -0.6041666666666666, 84100.0, 5000.5, 0.0, 1.0 
0.1096478196143185, -290.0, -0.6041666666666666, 84100.0, 5000.5, 0.0, 1.0 
0.10471285480508996, -290.0, -0.6041666666666666, 84100.0, 5000.5, 0.0, 1.0 
0.1, -290.0, -0.6041666666666666, 84100.0, 5000.5, 0.0, 1.0 
