Simulation:L=5, P_s=0.01, T_swap=10.0, T_1=10.0, T_0=0.1, N_T=100 
Temperature T, <E>(T), <-E/E_0>(T), <E^2>(T), Relaxation Iterations=tau(T), Accepted Candidates A(T), Final Configuration Correlation Function Value 
10.0, -90.52, -0.18858333333333333, 8337.776, 5000.5, 3743.5, 0.23333333333333334 
9.54992586021436, -93.652, -0.19510833333333333, 8928.248, 5000.5, 3691.0, 0.2 
9.120108393559098, -93.844, -0.1955083333333333, 8962.152, 5000.5, 3728.0, 0.18666666666666668 
8.709635899560807, -94.352, -0.19656666666666667, 9063.696, 5000.5, 3628.5, 0.2866666666666667 
8.317637711026709, -94.828, -0.19755833333333334, 9144.584, 5000.5, 3648.0, 0.25333333333333335 
7.943282347242815, -94.0, -0.19583333333333333, 8982.992, 5000.5, 3579.5, 0.18000000000000002 
7.5857757502918375, -95.344, -0.19863333333333333, 9259.744, 5000.5, 3526.0, 0.17333333333333334 
7.2443596007499, -97.592, -0.20331666666666667, 9675.12, 5000.5, 3342.0, 0.2066666666666667 
6.918309709189366, -101.668, -0.21180833333333335, 10465.528, 5000.5, 3265.5, 0.16666666666666669 
6.60693448007596, -98.148, -0.204475, 9787.08, 5000.5, 3268.5, 0.18000000000000002 
6.3095734448019325, -98.732, -0.20569166666666666, 9917.336, 5000.5, 3154.0, 0.23333333333333334 
6.025595860743578, -102.524, -0.21359166666666668, 10672.344, 5000.5, 3059.5, 0.16666666666666669 
5.7543993733715695, -99.036, -0.206325, 9970.232, 5000.5, 2956.5, 0.14666666666666667 
5.495408738576245, -106.768, -0.22243333333333334, 11570.576, 5000.5, 2833.5, 0.2733333333333334 
5.248074602497725, -105.356, -0.21949166666666667, 11241.288, 5000.5, 2710.5, 0.2 
5.011872336272724, -109.176, -0.22745, 12076.112, 5000.5, 2627.0, 0.18666666666666668 
4.786300923226383, -107.86, -0.22470833333333334, 11799.32, 5000.5, 2434.0, 0.23333333333333334 
4.57088189614875, -108.56, -0.22616666666666668, 11961.76, 5000.5, 2456.5, 0.17333333333333334 
4.36515832240166, -112.268, -0.23389166666666666, 12782.248, 5000.5, 2464.0, 0.19333333333333336 
4.168693834703355, -111.088, -0.23143333333333332, 12500.896, 5000.5, 2286.0, 0.26 
3.9810717055349727, -115.952, -0.24156666666666665, 13605.424, 5000.5, 2197.0, 0.22 
3.801893963205612, -118.652, -0.24719166666666667, 14263.384, 5000.5, 1964.5, 0.21333333333333335 
3.6307805477010135, -123.884, -0.25809166666666666, 15548.104, 5000.5, 1787.0, 0.22 
3.467368504525316, -124.516, -0.25940833333333335, 15757.416, 5000.5, 1677.5, 0.17333333333333334 
3.311311214825911, -121.44, -0.253, 14925.568, 5000.5, 1665.5, 0.25333333333333335 
3.1622776601683795, -126.7, -0.26395833333333335, 16264.152, 5000.5, 1578.0, 0.18666666666666668 
3.019951720402016, -131.892, -0.274775, 17589.4, 5000.5, 1382.0, 0.25333333333333335 
2.8840315031266055, -130.696, -0.2722833333333333, 17287.92, 5000.5, 1360.5, 0.2066666666666667 
2.7542287033381663, -138.964, -0.2895083333333333, 19548.264, 5000.5, 1279.5, 0.26666666666666666 
2.6302679918953817, -138.352, -0.28823333333333334, 19348.384, 5000.5, 1006.0, 0.22 
2.51188643150958, -142.396, -0.2966583333333333, 20468.472, 5000.5, 631.0, 0.21333333333333335 
2.3988329190194904, -146.18, -0.30454166666666665, 21589.88, 5000.5, 718.5, 0.24666666666666667 
2.2908676527677727, -150.576, -0.3137, 22898.112, 5000.5, 844.5, 0.18000000000000002 
2.1877616239495525, -158.448, -0.3301, 25383.488, 5000.5, 522.0, 0.26666666666666666 
2.089296130854039, -161.392, -0.33623333333333333, 26358.72, 5000.5, 523.5, 0.23333333333333334 
1.9952623149688797, -162.668, -0.3388916666666667, 26756.408, 5000.5, 707.5, 0.24000000000000002 
1.9054607179632475, -179.136, -0.3732, 32535.728, 5000.5, 422.0, 0.21333333333333335 
1.8197008586099837, -214.624, -0.4471333333333333, 46615.616, 5000.5, 315.5, 0.64 
1.7378008287493754, -234.912, -0.4894, 55749.2, 5000.5, 215.5, 0.6866666666666668 
1.6595869074375604, -261.828, -0.5454749999999999, 69069.832, 5000.5, 4.5, 0.9466666666666668 
1.5848931924611134, -238.52, -0.4969166666666667, 57199.968, 5000.5, 208.5, 0.44 
1.5135612484362082, -278.084, -0.5793416666666666, 77636.184, 5000.5, 161.0, 0.7466666666666667 
1.4454397707459277, -299.14, -0.6232083333333333, 89625.064, 5000.5, 6.0, 0.9133333333333334 
1.380384264602885, -340.196, -0.7087416666666667, 115920.712, 5000.5, 59.0, 0.8466666666666667 
1.318256738556407, -363.344, -0.7569666666666667, 132214.256, 5000.5, 2.0, 0.9866666666666667 
1.2589254117941673, -384.988, -0.8020583333333333, 148256.968, 5000.5, 0.5, 1.0 
1.202264434617413, -398.712, -0.83065, 158993.072, 5000.5, 0.0, 1.0 
1.148153621496883, -400.836, -0.835075, 160687.24, 5000.5, 15.0, 1.0 
1.096478196143185, -409.172, -0.8524416666666668, 167429.096, 5000.5, 0.0, 1.0 
1.0471285480508996, -410.456, -0.8551166666666667, 168475.664, 5000.5, 0.0, 1.0 
1.0, -411.06, -0.856375, 168971.704, 5000.5, 0.0, 1.0 
0.9549925860214359, -410.568, -0.8553499999999999, 168569.648, 5000.5, 1.0, 1.0 
0.9120108393559097, -409.956, -0.854075, 168065.384, 5000.5, 0.0, 1.0 
0.8709635899560806, -409.708, -0.8535583333333334, 167861.592, 5000.5, 0.0, 1.0 
0.8317637711026709, -409.936, -0.8540333333333333, 168047.648, 5000.5, 0.0, 1.0 
0.7943282347242814, -409.984, -0.8541333333333333, 168086.912, 5000.5, 0.5, 0.9733333333333334 
0.7585775750291835, -407.36, -0.8486666666666667, 165947.312, 5000.5, 0.0, 1.0 
0.7244359600749903, -409.256, -0.8526166666666666, 167492.832, 5000.5, 0.0, 1.0 
0.6918309709189365, -411.108, -0.856475, 169011.768, 5000.5, 0.0, 1.0 
0.6606934480075961, -410.588, -0.8553916666666667, 168585.112, 5000.5, 0.5, 1.0 
0.6309573444801932, -412.0, -0.8583333333333333, 169744.0, 5000.5, 0.5, 1.0 
0.6025595860743578, -412.0, -0.8583333333333333, 169744.0, 5000.5, 0.0, 1.0 
0.5754399373371569, -411.992, -0.8583166666666667, 169737.44, 5000.5, 0.0, 1.0 
0.5495408738576245, -411.036, -0.856325, 168951.592, 5000.5, 0.5, 1.0 
0.5248074602497725, -412.0, -0.8583333333333333, 169744.0, 5000.5, 0.0, 1.0 
0.5011872336272722, -412.0, -0.8583333333333333, 169744.0, 5000.5, 0.0, 1.0 
0.4786300923226383, -412.0, -0.8583333333333333, 169744.0, 5000.5, 0.0, 1.0 
0.4570881896148749, -412.0, -0.8583333333333333, 169744.0, 5000.5, 0.0, 1.0 
0.4365158322401659, -412.0, -0.8583333333333333, 169744.0, 5000.5, 0.0, 1.0 
0.41686938347033553, -412.0, -0.8583333333333333, 169744.0, 5000.5, 0.5, 1.0 
0.3981071705534973, -412.0, -0.8583333333333333, 169744.0, 5000.5, 0.0, 1.0 
0.38018939632056126, -412.0, -0.8583333333333333, 169744.0, 5000.5, 0.0, 1.0 
0.36307805477010135, -412.0, -0.8583333333333333, 169744.0, 5000.5, 0.5, 1.0 
0.34673685045253166, -412.0, -0.8583333333333333, 169744.0, 5000.5, 0.0, 1.0 
0.33113112148259116, -412.0, -0.8583333333333333, 169744.0, 5000.5, 0.5, 1.0 
0.3162277660168379, -412.0, -0.8583333333333333, 169744.0, 5000.5, 1.0, 1.0 
0.3019951720402016, -412.0, -0.8583333333333333, 169744.0, 5000.5, 0.0, 1.0 
0.28840315031266056, -412.0, -0.8583333333333333, 169744.0, 5000.5, 0.0, 1.0 
0.2754228703338166, -412.0, -0.8583333333333333, 169744.0, 5000.5, 0.0, 1.0 
0.26302679918953814, -412.0, -0.8583333333333333, 169744.0, 5000.5, 0.5, 1.0 
0.25118864315095796, -412.0, -0.8583333333333333, 169744.0, 5000.5, 0.0, 1.0 
0.23988329190194901, -412.0, -0.8583333333333333, 169744.0, 5000.5, 0.0, 1.0 
0.22908676527677738, -412.0, -0.8583333333333333, 169744.0, 5000.5, 0.5, 1.0 
0.2187761623949553, -412.0, -0.8583333333333333, 169744.0, 5000.5, 0.5, 1.0 
0.208929613085404, -412.0, -0.8583333333333333, 169744.0, 5000.5, 0.5, 1.0 
0.19952623149688797, -412.0, -0.8583333333333333, 169744.0, 5000.5, 0.0, 1.0 
0.19054607179632474, -412.0, -0.8583333333333333, 169744.0, 5000.5, 0.0, 1.0 
0.18197008586099836, -412.0, -0.8583333333333333, 169744.0, 5000.5, 0.0, 1.0 
0.17378008287493754, -412.0, -0.8583333333333333, 169744.0, 5000.5, 0.0, 1.0 
0.16595869074375605, -412.0, -0.8583333333333333, 169744.0, 5000.5, 0.0, 1.0 
0.15848931924611134, -412.0, -0.8583333333333333, 169744.0, 5000.5, 0.0, 1.0 
0.1513561248436208, -412.0, -0.8583333333333333, 169744.0, 5000.5, 0.5, 1.0 
0.1445439770745927, -412.0, -0.8583333333333333, 169744.0, 5000.5, 0.5, 1.0 
0.13803842646028847, -412.0, -0.8583333333333333, 169744.0, 5000.5, 0.0, 1.0 
0.13182567385564076, -412.0, -0.8583333333333333, 169744.0, 5000.5, 0.0, 1.0 
0.12589254117941676, -412.0, -0.8583333333333333, 169744.0, 5000.5, 0.0, 1.0 
0.12022644346174131, -412.0, -0.8583333333333333, 169744.0, 5000.5, 0.0, 1.0 
0.1148153621496883, -412.0, -0.8583333333333333, 169744.0, 5000.5, 0.0, 1.0 
0.1096478196143185, -412.0, -0.8583333333333333, 169744.0, 5000.5, 0.5, 1.0 
0.10471285480508996, -412.0, -0.8583333333333333, 169744.0, 5000.5, 0.5, 1.0 
0.1, -412.0, -0.8583333333333333, 169744.0, 5000.5, 0.0, 1.0 
