Simulation:L=9, P_s=0.0, T_swap=2.5, T_1=10.0, T_0=1.0, N_T=100 
Temperature T, <E>(T), <-E/E_0>(T), <E^2>(T), Relaxation Iterations=tau(T), Accepted Candidates A(T), Final Configuration Correlation Function Value 
10.0, -339.12, -0.19625, 115509.92, 0.0, 0.0, 0.0 
9.772372209558107, -343.6, -0.1988425925925926, 118547.2, 0.0, 0.0, 0.0 
9.54992586021436, -343.96, -0.1990509259259259, 118642.0, 0.0, 0.0, 0.0 
9.33254300796991, -348.08, -0.2014351851851852, 121849.52, 0.0, 0.0, 0.0 
9.120108393559098, -339.06, -0.19621527777777778, 115648.28, 0.0, 0.0, 0.0 
8.912509381337456, -350.02, -0.20255787037037035, 122994.76, 0.0, 0.0, 0.0 
8.709635899560807, -346.5, -0.20052083333333334, 120507.32, 0.0, 0.0, 0.0 
8.511380382023765, -358.28, -0.20733796296296295, 129214.48, 0.0, 0.0, 0.0 
8.317637711026709, -352.34, -0.20390046296296294, 124864.84, 0.0, 0.0, 0.0 
8.128305161640993, -343.62, -0.19885416666666667, 118654.92, 0.0, 0.0, 0.0 
7.943282347242815, -353.66, -0.20466435185185186, 125576.76, 0.0, 0.0, 0.0 
7.762471166286917, -362.46, -0.20975694444444443, 131964.84, 0.0, 0.0, 0.0 
7.5857757502918375, -364.5, -0.2109375, 133589.4, 0.0, 0.0, 0.0 
7.413102413009175, -358.14, -0.20725694444444442, 128774.52, 0.0, 0.0, 0.0 
7.2443596007499, -352.1, -0.20376157407407408, 124443.72, 0.0, 0.0, 0.0 
7.079457843841379, -360.64, -0.2087037037037037, 130754.48, 0.0, 0.0, 0.0 
6.918309709189366, -357.14, -0.20667824074074073, 128203.8, 0.0, 0.0, 0.0 
6.760829753919818, -360.48, -0.2086111111111111, 130391.76, 0.0, 0.0, 0.0 
6.60693448007596, -375.76, -0.2174537037037037, 141664.4, 0.0, 0.0, 0.0 
6.4565422903465555, -366.34, -0.2120023148148148, 135026.92, 0.0, 0.0, 0.0 
6.3095734448019325, -369.36, -0.21375, 136952.8, 0.0, 0.0, 0.0 
6.165950018614822, -378.06, -0.21878472222222223, 143635.0, 0.0, 0.0, 0.0 
6.025595860743578, -390.2, -0.22581018518518517, 152978.0, 0.0, 0.0, 0.0 
5.88843655355589, -393.14, -0.22751157407407407, 155178.12, 0.0, 0.0, 0.0 
5.7543993733715695, -384.74, -0.22265046296296298, 148403.08, 0.0, 0.0, 0.0 
5.623413251903491, -393.76, -0.22787037037037036, 155525.52, 0.0, 0.0, 0.0 
5.495408738576245, -401.32, -0.23224537037037038, 161689.28, 0.0, 0.0, 0.0 
5.370317963702527, -389.54, -0.22542824074074075, 152344.12, 0.0, 0.0, 0.0 
5.248074602497725, -380.78, -0.2203587962962963, 145563.16, 0.0, 0.0, 0.0 
5.128613839913649, -388.2, -0.22465277777777778, 151150.08, 0.0, 0.0, 0.0 
5.011872336272724, -402.18, -0.23274305555555555, 162534.76, 0.0, 0.0, 0.0 
4.897788193684462, -425.14, -0.2460300925925926, 181746.2, 0.0, 0.0, 0.0 
4.786300923226384, -419.68, -0.24287037037037038, 176559.12, 0.0, 0.0, 0.0 
4.677351412871982, -417.92, -0.24185185185185187, 175307.44, 0.0, 0.0, 0.0 
4.57088189614875, -414.04, -0.2396064814814815, 172064.16, 0.0, 0.0, 0.0 
4.466835921509632, -420.92, -0.24358796296296298, 177723.84, 0.0, 0.0, 0.0 
4.36515832240166, -414.38, -0.23980324074074075, 172263.88, 0.0, 0.0, 0.0 
4.265795188015927, -417.42, -0.2415625, 174844.68, 0.0, 0.0, 0.0 
4.168693834703355, -429.44, -0.24851851851851853, 185075.04, 0.0, 0.0, 0.0 
4.073802778041127, -436.74, -0.25274305555555554, 191888.44, 0.0, 0.0, 0.0 
3.9810717055349727, -457.66, -0.26484953703703706, 210034.6, 0.0, 0.0, 0.0 
3.8904514499428062, -427.36, -0.24731481481481482, 183305.52, 0.0, 0.0, 0.0 
3.801893963205612, -455.46, -0.2635763888888889, 208069.88, 0.0, 0.0, 0.0 
3.7153522909717256, -447.82, -0.25915509259259256, 201226.52, 0.0, 0.0, 0.0 
3.6307805477010135, -450.68, -0.2608101851851852, 203880.72, 0.0, 0.0, 0.0 
3.5481338923357546, -451.66, -0.26137731481481485, 204470.44, 0.0, 0.0, 0.0 
3.467368504525316, -468.62, -0.27119212962962963, 220647.56, 0.0, 0.0, 0.0 
3.388441561392026, -471.0, -0.2725694444444444, 222452.4, 0.0, 0.0, 0.0 
3.311311214825911, -467.28, -0.27041666666666664, 219098.24, 0.0, 0.0, 0.0 
3.2359365692962827, -473.52, -0.27402777777777776, 224567.92, 0.0, 0.0, 0.0 
3.1622776601683795, -500.48, -0.2896296296296296, 251230.48, 0.0, 0.0, 0.0 
3.0902954325135905, -491.5, -0.28443287037037035, 242439.32, 0.0, 0.0, 0.0 
3.019951720402016, -483.96, -0.2800694444444444, 234907.28, 0.0, 0.0, 0.0 
2.9512092266663856, -507.22, -0.2935300925925926, 257852.36, 0.0, 0.0, 0.0 
2.8840315031266055, -511.76, -0.2961574074074074, 262981.68, 0.0, 0.0, 0.0 
2.8183829312644537, -517.9, -0.29971064814814813, 268681.56, 0.0, 0.0, 0.0 
2.7542287033381663, -550.18, -0.31839120370370366, 304315.4, 0.0, 0.0, 0.0 
2.691534803926916, -522.32, -0.30226851851851855, 274311.52, 0.0, 0.0, 0.0 
2.6302679918953826, -578.02, -0.3345023148148148, 334649.88, 0.0, 0.0, 0.0 
2.570395782768864, -541.08, -0.31312500000000004, 293590.08, 0.0, 0.0, 0.0 
2.51188643150958, -559.92, -0.32402777777777775, 314367.84, 0.0, 0.0, 0.0 
2.4547089156850306, -567.6, -0.3284722222222222, 322650.24, 0.0, 0.0, 0.0 
2.398832919019491, -577.18, -0.33401620370370366, 333907.48, 0.0, 0.0, 0.0 
2.3442288153199224, -582.58, -0.3371412037037037, 339996.12, 0.0, 0.0, 0.0 
2.2908676527677727, -618.18, -0.3577430555555555, 382371.4, 0.0, 0.0, 0.0 
2.2387211385683394, -658.58, -0.3811226851851852, 434112.52, 0.0, 0.0, 0.0 
2.1877616239495525, -602.28, -0.34854166666666664, 363189.84, 0.0, 0.0, 0.0 
2.1379620895022318, -674.38, -0.3902662037037037, 455181.72, 0.0, 0.0, 0.0 
2.089296130854039, -663.3, -0.38385416666666666, 440226.92, 0.0, 0.0, 0.0 
2.0417379446695296, -649.1, -0.3756365740740741, 421955.56, 0.0, 0.0, 0.0 
1.99526231496888, -683.34, -0.3954513888888889, 467623.0, 0.0, 0.0, 0.0 
1.9498445997580456, -675.26, -0.39077546296296295, 456254.76, 0.0, 0.0, 0.0 
1.9054607179632475, -679.76, -0.39337962962962963, 462413.6, 0.0, 0.0, 0.0 
1.8620871366628675, -700.84, -0.40557870370370375, 491592.8, 0.0, 0.0, 0.0 
1.8197008586099837, -739.52, -0.42796296296296293, 546932.16, 0.0, 0.0, 0.0 
1.778279410038923, -761.82, -0.4408680555555556, 581271.4, 0.0, 0.0, 0.0 
1.7378008287493754, -785.54, -0.4545949074074074, 617076.04, 0.0, 0.0, 0.0 
1.6982436524617444, -786.0, -0.4548611111111111, 617796.0, 0.0, 0.0, 0.0 
1.6595869074375604, -786.0, -0.4548611111111111, 617796.0, 0.0, 0.0, 0.0 
1.62181009735893, -786.0, -0.4548611111111111, 617796.0, 0.0, 0.0, 0.0 
1.5848931924611134, -786.0, -0.4548611111111111, 617796.0, 0.0, 0.0, 0.0 
1.5488166189124812, -786.0, -0.4548611111111111, 617796.0, 0.0, 0.0, 0.0 
1.5135612484362084, -786.0, -0.4548611111111111, 617796.0, 0.0, 0.0, 0.0 
1.4791083881682077, -785.44, -0.4545370370370371, 616920.16, 0.0, 0.0, 0.0 
1.4454397707459277, -785.72, -0.4546990740740741, 617358.56, 0.0, 0.0, 0.0 
1.4125375446227544, -786.0, -0.4548611111111111, 617796.0, 0.0, 0.0, 0.0 
1.380384264602885, -786.0, -0.4548611111111111, 617796.0, 0.0, 0.0, 0.0 
1.3489628825916535, -786.0, -0.4548611111111111, 617796.0, 0.0, 0.0, 0.0 
1.318256738556407, -786.0, -0.4548611111111111, 617796.0, 0.0, 0.0, 0.0 
1.2882495516931338, -786.0, -0.4548611111111111, 617796.0, 0.0, 0.0, 0.0 
1.2589254117941673, -786.0, -0.4548611111111111, 617796.0, 0.0, 0.0, 0.0 
1.2302687708123814, -786.0, -0.4548611111111111, 617796.0, 0.0, 0.0, 0.0 
1.202264434617413, -786.0, -0.4548611111111111, 617796.0, 0.0, 0.0, 0.0 
1.1748975549395295, -786.0, -0.4548611111111111, 617796.0, 0.0, 0.0, 0.0 
1.148153621496883, -786.0, -0.4548611111111111, 617796.0, 0.0, 0.0, 0.0 
1.1220184543019636, -786.0, -0.4548611111111111, 617796.0, 0.0, 0.0, 0.0 
1.096478196143185, -786.0, -0.4548611111111111, 617796.0, 0.0, 0.0, 0.0 
1.0715193052376066, -786.0, -0.4548611111111111, 617796.0, 0.0, 0.0, 0.0 
1.0471285480508996, -786.0, -0.4548611111111111, 617796.0, 0.0, 0.0, 0.0 
1.023292992280754, -786.0, -0.4548611111111111, 617796.0, 0.0, 0.0, 0.0 
1.0, -786.0, -0.4548611111111111, 617796.0, 0.0, 0.0, 0.0 
