Simulation:L=9, P_s=1.0, T_swap=2.5, T_1=10.0, T_0=1.0, N_T=100 
Temperature T, <E>(T), <-E/E_0>(T), <E^2>(T), Relaxation Iterations=tau(T), Accepted Candidates A(T), Final Configuration Correlation Function Value 
10.0, -335.84, -0.19435185185185183, 113287.92, 0.0, 0.0, 0.0 
9.772372209558107, -348.04, -0.20141203703703706, 121744.8, 0.0, 0.0, 0.0 
9.54992586021436, -352.58, -0.20403935185185185, 124962.44, 0.0, 0.0, 0.0 
9.33254300796991, -355.6, -0.20578703703703705, 127063.68, 0.0, 0.0, 0.0 
9.120108393559098, -344.76, -0.19951388888888888, 119292.24, 0.0, 0.0, 0.0 
8.912509381337456, -343.72, -0.19891203703703705, 119018.64, 0.0, 0.0, 0.0 
8.709635899560807, -346.82, -0.20070601851851852, 120652.68, 0.0, 0.0, 0.0 
8.511380382023765, -360.0, -0.20833333333333334, 130080.56, 0.0, 0.0, 0.0 
8.317637711026709, -355.24, -0.2055787037037037, 126707.36, 0.0, 0.0, 0.0 
8.128305161640993, -352.82, -0.20417824074074073, 125071.24, 0.0, 0.0, 0.0 
7.943282347242815, -352.2, -0.20381944444444444, 124526.88, 0.0, 0.0, 0.0 
7.762471166286917, -357.78, -0.20704861111111109, 128581.0, 0.0, 0.0, 0.0 
7.5857757502918375, -364.08, -0.21069444444444443, 133131.44, 0.0, 0.0, 0.0 
7.413102413009175, -355.84, -0.2059259259259259, 127347.68, 0.0, 0.0, 0.0 
7.2443596007499, -359.78, -0.2082060185185185, 129907.16, 0.0, 0.0, 0.0 
7.079457843841379, -356.82, -0.20649305555555555, 127829.64, 0.0, 0.0, 0.0 
6.918309709189366, -361.78, -0.2093634259259259, 131496.92, 0.0, 0.0, 0.0 
6.760829753919818, -364.56, -0.21097222222222223, 133639.04, 0.0, 0.0, 0.0 
6.60693448007596, -377.52, -0.2184722222222222, 142983.36, 0.0, 0.0, 0.0 
6.4565422903465555, -381.54, -0.22079861111111113, 146184.2, 0.0, 0.0, 0.0 
6.3095734448019325, -382.34, -0.22126157407407407, 146773.72, 0.0, 0.0, 0.0 
6.165950018614822, -384.84, -0.2227083333333333, 148829.68, 0.0, 0.0, 0.0 
6.025595860743578, -384.7, -0.22262731481481482, 148665.64, 0.0, 0.0, 0.0 
5.88843655355589, -384.5, -0.22251157407407407, 148371.48, 0.0, 0.0, 0.0 
5.7543993733715695, -381.54, -0.22079861111111113, 145991.56, 0.0, 0.0, 0.0 
5.623413251903491, -382.76, -0.22150462962962963, 147019.84, 0.0, 0.0, 0.0 
5.495408738576245, -392.16, -0.22694444444444445, 154432.16, 0.0, 0.0, 0.0 
5.370317963702527, -395.16, -0.22868055555555558, 156638.24, 0.0, 0.0, 0.0 
5.248074602497725, -407.88, -0.23604166666666668, 166827.76, 0.0, 0.0, 0.0 
5.128613839913649, -393.84, -0.22791666666666666, 155728.16, 0.0, 0.0, 0.0 
5.011872336272724, -401.58, -0.23239583333333333, 161817.8, 0.0, 0.0, 0.0 
4.897788193684462, -410.26, -0.23741898148148147, 168830.68, 0.0, 0.0, 0.0 
4.786300923226384, -411.72, -0.23826388888888891, 170096.88, 0.0, 0.0, 0.0 
4.677351412871982, -411.62, -0.23820601851851853, 170058.36, 0.0, 0.0, 0.0 
4.57088189614875, -421.04, -0.2436574074074074, 177900.16, 0.0, 0.0, 0.0 
4.466835921509632, -428.4, -0.24791666666666665, 184269.12, 0.0, 0.0, 0.0 
4.36515832240166, -410.9, -0.23778935185185185, 169445.64, 0.0, 0.0, 0.0 
4.265795188015927, -426.16, -0.24662037037037038, 182127.28, 0.0, 0.0, 0.0 
4.168693834703355, -434.24, -0.2512962962962963, 190232.56, 0.0, 0.0, 0.0 
4.073802778041127, -435.9, -0.2522569444444444, 190455.0, 0.0, 0.0, 0.0 
3.9810717055349727, -426.64, -0.24689814814814814, 182701.36, 0.0, 0.0, 0.0 
3.8904514499428062, -437.7, -0.2532986111111111, 192124.2, 0.0, 0.0, 0.0 
3.801893963205612, -448.18, -0.25936342592592593, 201734.12, 0.0, 0.0, 0.0 
3.7153522909717256, -450.5, -0.26070601851851855, 203532.2, 0.0, 0.0, 0.0 
3.6307805477010135, -461.32, -0.26696759259259256, 213982.4, 0.0, 0.0, 0.0 
3.5481338923357546, -455.9, -0.2638310185185185, 208666.12, 0.0, 0.0, 0.0 
3.467368504525316, -476.8, -0.2759259259259259, 228118.48, 0.0, 0.0, 0.0 
3.388441561392026, -477.06, -0.2760763888888889, 228191.48, 0.0, 0.0, 0.0 
3.311311214825911, -491.58, -0.28447916666666667, 242241.48, 0.0, 0.0, 0.0 
3.2359365692962827, -470.48, -0.2722685185185185, 221938.72, 0.0, 0.0, 0.0 
3.1622776601683795, -478.5, -0.2769097222222222, 229694.28, 0.0, 0.0, 0.0 
3.0902954325135905, -511.36, -0.2959259259259259, 262157.2, 0.0, 0.0, 0.0 
3.019951720402016, -504.64, -0.29203703703703704, 255341.68, 0.0, 0.0, 0.0 
2.9512092266663856, -494.74, -0.28630787037037037, 245440.92, 0.0, 0.0, 0.0 
2.8840315031266055, -506.3, -0.2929976851851852, 257113.32, 0.0, 0.0, 0.0 
2.8183829312644537, -521.64, -0.301875, 272598.88, 0.0, 0.0, 0.0 
2.7542287033381663, -530.08, -0.3067592592592593, 282140.24, 0.0, 0.0, 0.0 
2.691534803926916, -535.42, -0.309849537037037, 287794.6, 0.0, 0.0, 0.0 
2.6302679918953826, -546.96, -0.3165277777777778, 299777.92, 0.0, 0.0, 0.0 
2.570395782768864, -546.4, -0.3162037037037037, 299012.88, 0.0, 0.0, 0.0 
2.51188643150958, -572.78, -0.3314699074074074, 329033.4, 0.0, 0.0, 0.0 
2.4547089156850306, -592.78, -0.34304398148148146, 352758.52, 0.0, 0.0, 0.0 
2.398832919019491, -603.1, -0.34901620370370373, 364653.48, 0.0, 0.0, 0.0 
2.3442288153199224, -612.7, -0.35457175925925927, 376912.44, 0.0, 0.0, 0.0 
2.2908676527677727, -623.38, -0.3607523148148148, 389847.4, 0.0, 0.0, 0.0 
2.2387211385683394, -643.88, -0.3726157407407407, 415967.12, 0.0, 0.0, 0.0 
2.1877616239495525, -655.5, -0.3793402777777778, 431197.24, 0.0, 0.0, 0.0 
2.1379620895022318, -684.92, -0.3963657407407407, 470775.6, 0.0, 0.0, 0.0 
2.089296130854039, -699.34, -0.40471064814814817, 490732.28, 0.0, 0.0, 0.0 
2.0417379446695296, -720.66, -0.4170486111111111, 520813.4, 0.0, 0.0, 0.0 
1.99526231496888, -720.98, -0.4172337962962963, 521887.64, 0.0, 0.0, 0.0 
1.9498445997580456, -770.0, -0.44560185185185186, 594957.04, 0.0, 0.0, 0.0 
1.9054607179632475, -788.06, -0.4560532407407407, 623768.44, 0.0, 0.0, 0.0 
1.8620871366628675, -827.34, -0.47878472222222224, 686912.6, 0.0, 0.0, 0.0 
1.8197008586099837, -1598.94, -0.9253125, 2.607519e6, 0.0, 0.0, 0.0 
1.778279410038923, -1718.98, -0.9947800925925926, 2.9550514e6, 0.0, 0.0, 0.0 
1.7378008287493754, -1721.52, -0.99625, 2.9637728e6, 0.0, 0.0, 0.0 
1.6982436524617444, -1714.42, -0.9921412037037037, 2.93947148e6, 0.0, 0.0, 0.0 
1.6595869074375604, -1716.68, -0.9934490740740741, 2.94707888e6, 0.0, 0.0, 0.0 
1.62181009735893, -1724.9, -0.9982060185185185, 2.97534468e6, 0.0, 0.0, 0.0 
1.5848931924611134, -1726.38, -0.9990625000000001, 2.98041156e6, 0.0, 0.0, 0.0 
1.5488166189124812, -1726.7, -0.9992476851851853, 2.98151236e6, 0.0, 0.0, 0.0 
1.5135612484362084, -1726.08, -0.9988888888888888, 2.97938304e6, 0.0, 0.0, 0.0 
1.4791083881682077, -1727.04, -0.9994444444444445, 2.9826816e6, 0.0, 0.0, 0.0 
1.4454397707459277, -1727.2, -0.9995370370370371, 2.983232e6, 0.0, 0.0, 0.0 
1.4125375446227544, -1727.04, -0.9994444444444445, 2.9826816e6, 0.0, 0.0, 0.0 
1.380384264602885, -1727.68, -0.9998148148148148, 2.9848832e6, 0.0, 0.0, 0.0 
1.3489628825916535, -1728.0, -1.0, 2.985984e6, 0.0, 0.0, 0.0 
1.318256738556407, -1727.36, -0.9996296296296295, 2.9837824e6, 0.0, 0.0, 0.0 
1.2882495516931338, -1727.68, -0.9998148148148148, 2.9848832e6, 0.0, 0.0, 0.0 
1.2589254117941673, -1727.68, -0.9998148148148148, 2.9848832e6, 0.0, 0.0, 0.0 
1.2302687708123814, -1727.68, -0.9998148148148148, 2.9848832e6, 0.0, 0.0, 0.0 
1.202264434617413, -1727.84, -0.9999074074074074, 2.9854336e6, 0.0, 0.0, 0.0 
1.1748975549395295, -1727.76, -0.9998611111111111, 2.98516032e6, 0.0, 0.0, 0.0 
1.148153621496883, -1728.0, -1.0, 2.985984e6, 0.0, 0.0, 0.0 
1.1220184543019636, -1728.0, -1.0, 2.985984e6, 0.0, 0.0, 0.0 
1.096478196143185, -1727.84, -0.9999074074074074, 2.9854336e6, 0.0, 0.0, 0.0 
1.0715193052376066, -1728.0, -1.0, 2.985984e6, 0.0, 0.0, 0.0 
1.0471285480508996, -1728.0, -1.0, 2.985984e6, 0.0, 0.0, 0.0 
1.023292992280754, -1728.0, -1.0, 2.985984e6, 0.0, 0.0, 0.0 
1.0, -1728.0, -1.0, 2.985984e6, 0.0, 0.0, 0.0 
