Simulation:L=9, P_s=0.01, T_swap=2.5, T_1=10.0, T_0=1.0, N_T=100 
Temperature T, <E>(T), <-E/E_0>(T), <E^2>(T), Relaxation Iterations=tau(T), Accepted Candidates A(T), Final Configuration Correlation Function Value 
10.0, -353.44, -0.20453703703703704, 125459.44, 0.0, 0.0, 0.0 
9.772372209558107, -342.52, -0.19821759259259258, 118033.6, 0.0, 0.0, 0.0 
9.54992586021436, -346.82, -0.20070601851851852, 120879.64, 0.0, 0.0, 0.0 
9.33254300796991, -335.4, -0.1940972222222222, 113101.68, 0.0, 0.0, 0.0 
9.120108393559098, -347.72, -0.20122685185185188, 121398.24, 0.0, 0.0, 0.0 
8.912509381337456, -343.54, -0.19880787037037037, 118522.6, 0.0, 0.0, 0.0 
8.709635899560807, -347.12, -0.20087962962962963, 120934.08, 0.0, 0.0, 0.0 
8.511380382023765, -350.78, -0.20299768518518516, 123365.8, 0.0, 0.0, 0.0 
8.317637711026709, -349.68, -0.2023611111111111, 122802.64, 0.0, 0.0, 0.0 
8.128305161640993, -352.24, -0.2038425925925926, 124568.8, 0.0, 0.0, 0.0 
7.943282347242815, -349.62, -0.2023263888888889, 122846.92, 0.0, 0.0, 0.0 
7.762471166286917, -362.86, -0.20998842592592593, 132321.0, 0.0, 0.0, 0.0 
7.5857757502918375, -360.92, -0.20886574074074074, 130718.64, 0.0, 0.0, 0.0 
7.413102413009175, -365.64, -0.21159722222222221, 134198.56, 0.0, 0.0, 0.0 
7.2443596007499, -358.8, -0.2076388888888889, 129351.44, 0.0, 0.0, 0.0 
7.079457843841379, -365.32, -0.21141203703703704, 133927.92, 0.0, 0.0, 0.0 
6.918309709189366, -378.7, -0.21915509259259258, 144025.32, 0.0, 0.0, 0.0 
6.760829753919818, -366.18, -0.21190972222222224, 134737.32, 0.0, 0.0, 0.0 
6.60693448007596, -376.68, -0.2179861111111111, 142708.8, 0.0, 0.0, 0.0 
6.4565422903465555, -377.52, -0.2184722222222222, 143257.04, 0.0, 0.0, 0.0 
6.3095734448019325, -365.78, -0.21167824074074074, 134225.64, 0.0, 0.0, 0.0 
6.165950018614822, -369.1, -0.21359953703703705, 136754.28, 0.0, 0.0, 0.0 
6.025595860743578, -370.66, -0.21450231481481483, 138016.84, 0.0, 0.0, 0.0 
5.88843655355589, -368.48, -0.21324074074074076, 136303.52, 0.0, 0.0, 0.0 
5.7543993733715695, -389.66, -0.2254976851851852, 152211.88, 0.0, 0.0, 0.0 
5.623413251903491, -386.24, -0.22351851851851853, 149787.2, 0.0, 0.0, 0.0 
5.495408738576245, -387.04, -0.2239814814814815, 150714.96, 0.0, 0.0, 0.0 
5.370317963702527, -395.54, -0.22890046296296299, 157112.52, 0.0, 0.0, 0.0 
5.248074602497725, -394.3, -0.22818287037037038, 156067.96, 0.0, 0.0, 0.0 
5.128613839913649, -407.1, -0.2355902777777778, 166156.2, 0.0, 0.0, 0.0 
5.011872336272724, -413.18, -0.2391087962962963, 171145.0, 0.0, 0.0, 0.0 
4.897788193684462, -398.18, -0.23042824074074075, 159070.04, 0.0, 0.0, 0.0 
4.786300923226384, -402.94, -0.23318287037037036, 162805.16, 0.0, 0.0, 0.0 
4.677351412871982, -408.32, -0.23629629629629628, 167517.6, 0.0, 0.0, 0.0 
4.57088189614875, -420.28, -0.24321759259259257, 177486.32, 0.0, 0.0, 0.0 
4.466835921509632, -422.32, -0.24439814814814814, 179187.76, 0.0, 0.0, 0.0 
4.36515832240166, -423.88, -0.24530092592592592, 180433.92, 0.0, 0.0, 0.0 
4.265795188015927, -428.3, -0.2478587962962963, 184205.4, 0.0, 0.0, 0.0 
4.168693834703355, -431.72, -0.24983796296296298, 186985.04, 0.0, 0.0, 0.0 
4.073802778041127, -430.02, -0.24885416666666665, 185860.12, 0.0, 0.0, 0.0 
3.9810717055349727, -447.44, -0.25893518518518516, 200836.0, 0.0, 0.0, 0.0 
3.8904514499428062, -431.58, -0.24975694444444443, 187137.48, 0.0, 0.0, 0.0 
3.801893963205612, -440.78, -0.2550810185185185, 195024.36, 0.0, 0.0, 0.0 
3.7153522909717256, -453.0, -0.2621527777777778, 205653.28, 0.0, 0.0, 0.0 
3.6307805477010135, -453.92, -0.2626851851851852, 206556.56, 0.0, 0.0, 0.0 
3.5481338923357546, -461.42, -0.267025462962963, 213796.68, 0.0, 0.0, 0.0 
3.467368504525316, -465.38, -0.2693171296296296, 217319.48, 0.0, 0.0, 0.0 
3.388441561392026, -486.54, -0.2815625, 237215.32, 0.0, 0.0, 0.0 
3.311311214825911, -466.48, -0.2699537037037037, 218736.4, 0.0, 0.0, 0.0 
3.2359365692962827, -485.34, -0.28086805555555555, 235972.68, 0.0, 0.0, 0.0 
3.1622776601683795, -501.7, -0.29033564814814816, 252198.52, 0.0, 0.0, 0.0 
3.0902954325135905, -487.6, -0.28217592592592594, 238691.92, 0.0, 0.0, 0.0 
3.019951720402016, -498.82, -0.28866898148148146, 249868.92, 0.0, 0.0, 0.0 
2.9512092266663856, -483.78, -0.27996527777777774, 234588.44, 0.0, 0.0, 0.0 
2.8840315031266055, -515.94, -0.29857638888888893, 267201.4, 0.0, 0.0, 0.0 
2.8183829312644537, -539.1, -0.3119791666666667, 291790.12, 0.0, 0.0, 0.0 
2.7542287033381663, -519.14, -0.30042824074074076, 269965.32, 0.0, 0.0, 0.0 
2.691534803926916, -533.64, -0.3088194444444444, 285520.64, 0.0, 0.0, 0.0 
2.6302679918953826, -546.38, -0.3161921296296296, 299719.32, 0.0, 0.0, 0.0 
2.570395782768864, -567.1, -0.32818287037037036, 322613.56, 0.0, 0.0, 0.0 
2.51188643150958, -569.2, -0.32939814814814816, 324565.52, 0.0, 0.0, 0.0 
2.4547089156850306, -615.64, -0.35627314814814814, 379773.92, 0.0, 0.0, 0.0 
2.398832919019491, -576.72, -0.33375, 332923.28, 0.0, 0.0, 0.0 
2.3442288153199224, -592.68, -0.3429861111111111, 352636.08, 0.0, 0.0, 0.0 
2.2908676527677727, -605.84, -0.3506018518518519, 368156.4, 0.0, 0.0, 0.0 
2.2387211385683394, -631.04, -0.36518518518518517, 399975.36, 0.0, 0.0, 0.0 
2.1877616239495525, -651.88, -0.37724537037037037, 425783.36, 0.0, 0.0, 0.0 
2.1379620895022318, -644.26, -0.3728356481481481, 415410.28, 0.0, 0.0, 0.0 
2.089296130854039, -654.9, -0.37899305555555557, 429952.2, 0.0, 0.0, 0.0 
2.0417379446695296, -703.44, -0.40708333333333335, 496321.44, 0.0, 0.0, 0.0 
1.99526231496888, -740.16, -0.4283333333333333, 549000.88, 0.0, 0.0, 0.0 
1.9498445997580456, -753.38, -0.4359837962962963, 569635.72, 0.0, 0.0, 0.0 
1.9054607179632475, -804.76, -0.4657175925925926, 651420.24, 0.0, 0.0, 0.0 
1.8620871366628675, -798.76, -0.4622453703703704, 640350.16, 0.0, 0.0, 0.0 
1.8197008586099837, -866.58, -0.5014930555555556, 752400.92, 0.0, 0.0, 0.0 
1.778279410038923, -943.14, -0.545798611111111, 890982.76, 0.0, 0.0, 0.0 
1.7378008287493754, -1013.32, -0.586412037037037, 1.03554736e6, 0.0, 0.0, 0.0 
1.6982436524617444, -1282.1, -0.7419560185185184, 1.64652172e6, 0.0, 0.0, 0.0 
1.6595869074375604, -1528.3, -0.8844328703703703, 2.34042516e6, 0.0, 0.0, 0.0 
1.62181009735893, -1660.14, -0.9607291666666667, 2.75669476e6, 0.0, 0.0, 0.0 
1.5848931924611134, -1687.26, -0.9764236111111111, 2.8468814e6, 0.0, 0.0, 0.0 
1.5488166189124812, -1710.4, -0.9898148148148148, 2.9255264e6, 0.0, 0.0, 0.0 
1.5135612484362084, -1715.2, -0.9925925925925926, 2.9419232e6, 0.0, 0.0, 0.0 
1.4791083881682077, -1716.0, -0.9930555555555556, 2.944656e6, 0.0, 0.0, 0.0 
1.4454397707459277, -1716.0, -0.9930555555555556, 2.944656e6, 0.0, 0.0, 0.0 
1.4125375446227544, -1716.0, -0.9930555555555556, 2.944656e6, 0.0, 0.0, 0.0 
1.380384264602885, -1716.0, -0.9930555555555556, 2.944656e6, 0.0, 0.0, 0.0 
1.3489628825916535, -1716.0, -0.9930555555555556, 2.944656e6, 0.0, 0.0, 0.0 
1.318256738556407, -1716.0, -0.9930555555555556, 2.944656e6, 0.0, 0.0, 0.0 
1.2882495516931338, -1716.0, -0.9930555555555556, 2.944656e6, 0.0, 0.0, 0.0 
1.2589254117941673, -1716.0, -0.9930555555555556, 2.944656e6, 0.0, 0.0, 0.0 
1.2302687708123814, -1716.0, -0.9930555555555556, 2.944656e6, 0.0, 0.0, 0.0 
1.202264434617413, -1716.0, -0.9930555555555556, 2.944656e6, 0.0, 0.0, 0.0 
1.1748975549395295, -1716.0, -0.9930555555555556, 2.944656e6, 0.0, 0.0, 0.0 
1.148153621496883, -1716.0, -0.9930555555555556, 2.944656e6, 0.0, 0.0, 0.0 
1.1220184543019636, -1716.0, -0.9930555555555556, 2.944656e6, 0.0, 0.0, 0.0 
1.096478196143185, -1716.0, -0.9930555555555556, 2.944656e6, 0.0, 0.0, 0.0 
1.0715193052376066, -1716.0, -0.9930555555555556, 2.944656e6, 0.0, 0.0, 0.0 
1.0471285480508996, -1716.0, -0.9930555555555556, 2.944656e6, 0.0, 0.0, 0.0 
1.023292992280754, -1716.0, -0.9930555555555556, 2.944656e6, 0.0, 0.0, 0.0 
1.0, -1716.0, -0.9930555555555556, 2.944656e6, 0.0, 0.0, 0.0 
