Simulation:L=9, P_s=1.0, T_swap=10.0, T_1=10.0, T_0=1.0, N_T=100 
Temperature T, <E>(T), <-E/E_0>(T), <E^2>(T), Relaxation Iterations=tau(T), Accepted Candidates A(T), Final Configuration Correlation Function Value 
10.0, -338.96, -0.1961574074074074, 115412.64, 0.0, 0.0, 0.0 
9.772372209558107, -346.88, -0.20074074074074075, 120861.6, 0.0, 0.0, 0.0 
9.54992586021436, -343.9, -0.19901620370370368, 118860.2, 0.0, 0.0, 0.0 
9.33254300796991, -352.34, -0.20390046296296294, 124778.76, 0.0, 0.0, 0.0 
9.120108393559098, -349.9, -0.20248842592592592, 123108.04, 0.0, 0.0, 0.0 
8.912509381337456, -348.0, -0.2013888888888889, 121752.4, 0.0, 0.0, 0.0 
8.709635899560807, -348.84, -0.201875, 122368.16, 0.0, 0.0, 0.0 
8.511380382023765, -355.34, -0.20563657407407407, 126888.2, 0.0, 0.0, 0.0 
8.317637711026709, -359.0, -0.20775462962962962, 129410.56, 0.0, 0.0, 0.0 
8.128305161640993, -353.54, -0.2045949074074074, 125459.48, 0.0, 0.0, 0.0 
7.943282347242815, -354.9, -0.20538194444444444, 126517.8, 0.0, 0.0, 0.0 
7.762471166286917, -358.08, -0.20722222222222222, 128964.72, 0.0, 0.0, 0.0 
7.5857757502918375, -364.24, -0.21078703703703705, 133250.24, 0.0, 0.0, 0.0 
7.413102413009175, -363.8, -0.21053240740740742, 132905.28, 0.0, 0.0, 0.0 
7.2443596007499, -362.84, -0.20997685185185183, 132205.6, 0.0, 0.0, 0.0 
7.079457843841379, -372.62, -0.21563657407407408, 139447.32, 0.0, 0.0, 0.0 
6.918309709189366, -375.6, -0.21736111111111112, 141670.24, 0.0, 0.0, 0.0 
6.760829753919818, -370.98, -0.2146875, 138225.64, 0.0, 0.0, 0.0 
6.60693448007596, -374.46, -0.21670138888888887, 140856.36, 0.0, 0.0, 0.0 
6.4565422903465555, -374.46, -0.21670138888888887, 140950.2, 0.0, 0.0, 0.0 
6.3095734448019325, -375.24, -0.21715277777777778, 141293.28, 0.0, 0.0, 0.0 
6.165950018614822, -380.04, -0.21993055555555557, 145051.92, 0.0, 0.0, 0.0 
6.025595860743578, -385.36, -0.22300925925925927, 149214.48, 0.0, 0.0, 0.0 
5.88843655355589, -379.34, -0.21952546296296294, 144660.76, 0.0, 0.0, 0.0 
5.7543993733715695, -386.36, -0.22358796296296296, 149866.24, 0.0, 0.0, 0.0 
5.623413251903491, -394.58, -0.2283449074074074, 156384.68, 0.0, 0.0, 0.0 
5.495408738576245, -393.0, -0.22743055555555555, 155164.48, 0.0, 0.0, 0.0 
5.370317963702527, -394.94, -0.22855324074074074, 156872.36, 0.0, 0.0, 0.0 
5.248074602497725, -400.4, -0.23171296296296295, 161109.84, 0.0, 0.0, 0.0 
5.128613839913649, -401.34, -0.23225694444444442, 161811.56, 0.0, 0.0, 0.0 
5.011872336272724, -403.02, -0.23322916666666665, 163181.16, 0.0, 0.0, 0.0 
4.897788193684462, -408.26, -0.23626157407407408, 167327.88, 0.0, 0.0, 0.0 
4.786300923226384, -414.32, -0.23976851851851852, 172448.24, 0.0, 0.0, 0.0 
4.677351412871982, -417.78, -0.24177083333333332, 175152.52, 0.0, 0.0, 0.0 
4.57088189614875, -416.92, -0.24127314814814815, 174631.28, 0.0, 0.0, 0.0 
4.466835921509632, -421.4, -0.24386574074074072, 178303.36, 0.0, 0.0, 0.0 
4.36515832240166, -422.92, -0.2447453703703704, 179612.8, 0.0, 0.0, 0.0 
4.265795188015927, -429.44, -0.24851851851851853, 185160.32, 0.0, 0.0, 0.0 
4.168693834703355, -437.54, -0.25320601851851854, 192239.64, 0.0, 0.0, 0.0 
4.073802778041127, -446.2, -0.2582175925925926, 199945.76, 0.0, 0.0, 0.0 
3.9810717055349727, -446.0, -0.25810185185185186, 199664.16, 0.0, 0.0, 0.0 
3.8904514499428062, -450.02, -0.2604282407407407, 203330.76, 0.0, 0.0, 0.0 
3.801893963205612, -453.68, -0.2625462962962963, 206669.28, 0.0, 0.0, 0.0 
3.7153522909717256, -454.12, -0.2628009259259259, 207069.76, 0.0, 0.0, 0.0 
3.6307805477010135, -460.3, -0.2663773148148148, 212910.92, 0.0, 0.0, 0.0 
3.5481338923357546, -466.98, -0.27024305555555556, 218887.0, 0.0, 0.0, 0.0 
3.467368504525316, -472.52, -0.27344907407407404, 224006.88, 0.0, 0.0, 0.0 
3.388441561392026, -480.38, -0.2779976851851852, 231840.6, 0.0, 0.0, 0.0 
3.311311214825911, -484.02, -0.28010416666666665, 235058.84, 0.0, 0.0, 0.0 
3.2359365692962827, -488.06, -0.2824421296296296, 238882.92, 0.0, 0.0, 0.0 
3.1622776601683795, -502.92, -0.2910416666666667, 253588.64, 0.0, 0.0, 0.0 
3.0902954325135905, -500.82, -0.2898263888888889, 251840.68, 0.0, 0.0, 0.0 
3.019951720402016, -518.64, -0.3001388888888889, 269858.0, 0.0, 0.0, 0.0 
2.9512092266663856, -518.8, -0.30023148148148143, 269892.96, 0.0, 0.0, 0.0 
2.8840315031266055, -521.84, -0.3019907407407408, 273429.92, 0.0, 0.0, 0.0 
2.8183829312644537, -540.88, -0.31300925925925926, 293423.52, 0.0, 0.0, 0.0 
2.7542287033381663, -550.08, -0.31833333333333336, 303482.4, 0.0, 0.0, 0.0 
2.691534803926916, -551.46, -0.3191319444444445, 305081.16, 0.0, 0.0, 0.0 
2.6302679918953826, -562.46, -0.3254976851851852, 317618.28, 0.0, 0.0, 0.0 
2.570395782768864, -577.82, -0.3343865740740741, 335009.08, 0.0, 0.0, 0.0 
2.51188643150958, -584.48, -0.33824074074074073, 342886.32, 0.0, 0.0, 0.0 
2.4547089156850306, -588.84, -0.3407638888888889, 348019.92, 0.0, 0.0, 0.0 
2.398832919019491, -604.46, -0.34980324074074076, 366570.6, 0.0, 0.0, 0.0 
2.3442288153199224, -610.8, -0.3534722222222222, 374691.2, 0.0, 0.0, 0.0 
2.2908676527677727, -621.22, -0.3595023148148148, 387573.96, 0.0, 0.0, 0.0 
2.2387211385683394, -646.62, -0.3742013888888889, 419630.36, 0.0, 0.0, 0.0 
2.1877616239495525, -652.1, -0.3773726851851852, 426709.48, 0.0, 0.0, 0.0 
2.1379620895022318, -681.78, -0.3945486111111111, 466502.6, 0.0, 0.0, 0.0 
2.089296130854039, -709.62, -0.41065972222222225, 505335.56, 0.0, 0.0, 0.0 
2.0417379446695296, -731.1, -0.4230902777777778, 536100.6, 0.0, 0.0, 0.0 
1.99526231496888, -738.16, -0.4271759259259259, 546236.8, 0.0, 0.0, 0.0 
1.9498445997580456, -775.26, -0.44864583333333335, 603471.72, 0.0, 0.0, 0.0 
1.9054607179632475, -795.16, -0.460162037037037, 634985.28, 0.0, 0.0, 0.0 
1.8620871366628675, -885.28, -0.5123148148148148, 788804.16, 0.0, 0.0, 0.0 
1.8197008586099837, -908.98, -0.5260300925925926, 831288.68, 0.0, 0.0, 0.0 
1.778279410038923, -1168.4, -0.6761574074074075, 1.386824e6, 0.0, 0.0, 0.0 
1.7378008287493754, -1598.32, -0.9249537037037037, 2.55758216e6, 0.0, 0.0, 0.0 
1.6982436524617444, -1709.38, -0.989224537037037, 2.92227996e6, 0.0, 0.0, 0.0 
1.6595869074375604, -1724.32, -0.9978703703703703, 2.97334144e6, 0.0, 0.0, 0.0 
1.62181009735893, -1724.64, -0.9980555555555556, 2.97444608e6, 0.0, 0.0, 0.0 
1.5848931924611134, -1726.08, -0.9988888888888888, 2.9793792e6, 0.0, 0.0, 0.0 
1.5488166189124812, -1726.24, -0.9989814814814815, 2.9799296e6, 0.0, 0.0, 0.0 
1.5135612484362084, -1726.64, -0.999212962962963, 2.98130752e6, 0.0, 0.0, 0.0 
1.4791083881682077, -1727.84, -0.9999074074074074, 2.9854336e6, 0.0, 0.0, 0.0 
1.4454397707459277, -1727.84, -0.9999074074074074, 2.9854336e6, 0.0, 0.0, 0.0 
1.4125375446227544, -1727.84, -0.9999074074074074, 2.9854336e6, 0.0, 0.0, 0.0 
1.380384264602885, -1726.4, -0.9990740740740741, 2.98048e6, 0.0, 0.0, 0.0 
1.3489628825916535, -1727.84, -0.9999074074074074, 2.9854336e6, 0.0, 0.0, 0.0 
1.318256738556407, -1728.0, -1.0, 2.985984e6, 0.0, 0.0, 0.0 
1.2882495516931338, -1728.0, -1.0, 2.985984e6, 0.0, 0.0, 0.0 
1.2589254117941673, -1727.36, -0.9996296296296295, 2.9837824e6, 0.0, 0.0, 0.0 
1.2302687708123814, -1728.0, -1.0, 2.985984e6, 0.0, 0.0, 0.0 
1.202264434617413, -1727.84, -0.9999074074074074, 2.9854336e6, 0.0, 0.0, 0.0 
1.1748975549395295, -1728.0, -1.0, 2.985984e6, 0.0, 0.0, 0.0 
1.148153621496883, -1728.0, -1.0, 2.985984e6, 0.0, 0.0, 0.0 
1.1220184543019636, -1728.0, -1.0, 2.985984e6, 0.0, 0.0, 0.0 
1.096478196143185, -1728.0, -1.0, 2.985984e6, 0.0, 0.0, 0.0 
1.0715193052376066, -1728.0, -1.0, 2.985984e6, 0.0, 0.0, 0.0 
1.0471285480508996, -1728.0, -1.0, 2.985984e6, 0.0, 0.0, 0.0 
1.023292992280754, -1728.0, -1.0, 2.985984e6, 0.0, 0.0, 0.0 
1.0, -1728.0, -1.0, 2.985984e6, 0.0, 0.0, 0.0 
