Simulation:L=7, P_s=1.0, T_swap=10.0, T_1=10.0, T_0=0.1, N_T=100 
Temperature T, <E>(T), <-E/E_0>(T), <E^2>(T), Relaxation Iterations=tau(T), Accepted Candidates A(T), Final Configuration Correlation Function Value 
10.0, -199.8, -0.19821428571428573, 40291.44, 0.0, 0.0, 0.0 
9.54992586021436, -200.04, -0.19845238095238094, 40372.32, 0.0, 0.0, 0.0 
9.120108393559098, -203.82, -0.20220238095238094, 41879.56, 0.0, 0.0, 0.0 
8.709635899560807, -204.06, -0.2024404761904762, 42048.84, 0.0, 0.0, 0.0 
8.317637711026709, -206.2, -0.20456349206349206, 42840.96, 0.0, 0.0, 0.0 
7.943282347242815, -206.98, -0.20533730158730157, 43246.12, 0.0, 0.0, 0.0 
7.5857757502918375, -208.22, -0.20656746031746032, 43685.8, 0.0, 0.0, 0.0 
7.2443596007499, -214.26, -0.2125595238095238, 46255.72, 0.0, 0.0, 0.0 
6.918309709189366, -214.76, -0.21305555555555555, 46572.32, 0.0, 0.0, 0.0 
6.60693448007596, -217.16, -0.21543650793650793, 47569.04, 0.0, 0.0, 0.0 
6.3095734448019325, -219.1, -0.21736111111111112, 48321.88, 0.0, 0.0, 0.0 
6.025595860743578, -223.16, -0.22138888888888889, 50295.44, 0.0, 0.0, 0.0 
5.7543993733715695, -227.3, -0.22549603174603175, 52061.72, 0.0, 0.0, 0.0 
5.495408738576245, -228.58, -0.22676587301587303, 52663.56, 0.0, 0.0, 0.0 
5.248074602497725, -230.12, -0.2282936507936508, 53312.56, 0.0, 0.0, 0.0 
5.011872336272724, -240.0, -0.23809523809523808, 58096.0, 0.0, 0.0, 0.0 
4.786300923226383, -240.02, -0.23811507936507936, 57950.92, 0.0, 0.0, 0.0 
4.57088189614875, -243.04, -0.2411111111111111, 59440.48, 0.0, 0.0, 0.0 
4.36515832240166, -244.68, -0.24273809523809525, 60357.6, 0.0, 0.0, 0.0 
4.168693834703355, -255.1, -0.2530753968253968, 65459.96, 0.0, 0.0, 0.0 
3.9810717055349727, -260.5, -0.2584325396825397, 68349.16, 0.0, 0.0, 0.0 
3.801893963205612, -265.34, -0.26323412698412696, 71011.48, 0.0, 0.0, 0.0 
3.6307805477010135, -273.92, -0.27174603174603174, 75635.84, 0.0, 0.0, 0.0 
3.467368504525316, -281.96, -0.2797222222222222, 80100.88, 0.0, 0.0, 0.0 
3.311311214825911, -279.6, -0.2773809523809524, 78825.28, 0.0, 0.0, 0.0 
3.1622776601683795, -288.98, -0.28668650793650796, 83971.8, 0.0, 0.0, 0.0 
3.019951720402016, -296.7, -0.2943452380952381, 88591.48, 0.0, 0.0, 0.0 
2.8840315031266055, -305.8, -0.3033730158730159, 94183.6, 0.0, 0.0, 0.0 
2.7542287033381663, -314.98, -0.3124801587301588, 99723.32, 0.0, 0.0, 0.0 
2.6302679918953817, -324.04, -0.321468253968254, 105578.88, 0.0, 0.0, 0.0 
2.51188643150958, -343.32, -0.34059523809523806, 118494.48, 0.0, 0.0, 0.0 
2.3988329190194904, -348.3, -0.3455357142857143, 122013.48, 0.0, 0.0, 0.0 
2.2908676527677727, -361.9, -0.3590277777777778, 131760.36, 0.0, 0.0, 0.0 
2.1877616239495525, -386.42, -0.38335317460317464, 150211.8, 0.0, 0.0, 0.0 
2.089296130854039, -402.2, -0.3990079365079365, 162932.0, 0.0, 0.0, 0.0 
1.9952623149688797, -443.12, -0.4396031746031746, 197712.08, 0.0, 0.0, 0.0 
1.9054607179632475, -454.5, -0.45089285714285715, 207963.4, 0.0, 0.0, 0.0 
1.8197008586099837, -791.12, -0.7848412698412699, 654660.16, 0.0, 0.0, 0.0 
1.7378008287493754, -992.94, -0.9850595238095239, 986243.4, 0.0, 0.0, 0.0 
1.6595869074375604, -1006.32, -0.9983333333333334, 1.01270592e6, 0.0, 0.0, 0.0 
1.5848931924611134, -1006.72, -0.9987301587301588, 1.013504e6, 0.0, 0.0, 0.0 
1.5135612484362082, -1008.0, -1.0, 1.016064e6, 0.0, 0.0, 0.0 
1.4454397707459277, -1007.36, -0.9993650793650793, 1.014784e6, 0.0, 0.0, 0.0 
1.380384264602885, -1008.0, -1.0, 1.016064e6, 0.0, 0.0, 0.0 
1.318256738556407, -1008.0, -1.0, 1.016064e6, 0.0, 0.0, 0.0 
1.2589254117941673, -1008.0, -1.0, 1.016064e6, 0.0, 0.0, 0.0 
1.202264434617413, -1007.84, -0.9998412698412699, 1.015744e6, 0.0, 0.0, 0.0 
1.148153621496883, -1007.84, -0.9998412698412699, 1.015744e6, 0.0, 0.0, 0.0 
1.096478196143185, -1008.0, -1.0, 1.016064e6, 0.0, 0.0, 0.0 
1.0471285480508996, -1008.0, -1.0, 1.016064e6, 0.0, 0.0, 0.0 
1.0, -1008.0, -1.0, 1.016064e6, 0.0, 0.0, 0.0 
0.9549925860214359, -1008.0, -1.0, 1.016064e6, 0.0, 0.0, 0.0 
0.9120108393559097, -1008.0, -1.0, 1.016064e6, 0.0, 0.0, 0.0 
0.8709635899560806, -1008.0, -1.0, 1.016064e6, 0.0, 0.0, 0.0 
0.8317637711026709, -1008.0, -1.0, 1.016064e6, 0.0, 0.0, 0.0 
0.7943282347242814, -1008.0, -1.0, 1.016064e6, 0.0, 0.0, 0.0 
0.7585775750291835, -1008.0, -1.0, 1.016064e6, 0.0, 0.0, 0.0 
0.7244359600749903, -1008.0, -1.0, 1.016064e6, 0.0, 0.0, 0.0 
0.6918309709189365, -1008.0, -1.0, 1.016064e6, 0.0, 0.0, 0.0 
0.6606934480075961, -1008.0, -1.0, 1.016064e6, 0.0, 0.0, 0.0 
0.6309573444801932, -1008.0, -1.0, 1.016064e6, 0.0, 0.0, 0.0 
0.6025595860743578, -1008.0, -1.0, 1.016064e6, 0.0, 0.0, 0.0 
0.5754399373371569, -1008.0, -1.0, 1.016064e6, 0.0, 0.0, 0.0 
0.5495408738576245, -1008.0, -1.0, 1.016064e6, 0.0, 0.0, 0.0 
0.5248074602497725, -1008.0, -1.0, 1.016064e6, 0.0, 0.0, 0.0 
0.5011872336272722, -1008.0, -1.0, 1.016064e6, 0.0, 0.0, 0.0 
0.4786300923226383, -1008.0, -1.0, 1.016064e6, 0.0, 0.0, 0.0 
0.4570881896148749, -1008.0, -1.0, 1.016064e6, 0.0, 0.0, 0.0 
0.4365158322401659, -1008.0, -1.0, 1.016064e6, 0.0, 0.0, 0.0 
0.41686938347033553, -1008.0, -1.0, 1.016064e6, 0.0, 0.0, 0.0 
0.3981071705534973, -1008.0, -1.0, 1.016064e6, 0.0, 0.0, 0.0 
0.38018939632056126, -1008.0, -1.0, 1.016064e6, 0.0, 0.0, 0.0 
0.36307805477010135, -1008.0, -1.0, 1.016064e6, 0.0, 0.0, 0.0 
0.34673685045253166, -1008.0, -1.0, 1.016064e6, 0.0, 0.0, 0.0 
0.33113112148259116, -1008.0, -1.0, 1.016064e6, 0.0, 0.0, 0.0 
0.3162277660168379, -1008.0, -1.0, 1.016064e6, 0.0, 0.0, 0.0 
0.3019951720402016, -1008.0, -1.0, 1.016064e6, 0.0, 0.0, 0.0 
0.28840315031266056, -1008.0, -1.0, 1.016064e6, 0.0, 0.0, 0.0 
0.2754228703338166, -1008.0, -1.0, 1.016064e6, 0.0, 0.0, 0.0 
0.26302679918953814, -1008.0, -1.0, 1.016064e6, 0.0, 0.0, 0.0 
0.25118864315095796, -1008.0, -1.0, 1.016064e6, 0.0, 0.0, 0.0 
0.23988329190194901, -1008.0, -1.0, 1.016064e6, 0.0, 0.0, 0.0 
0.22908676527677738, -1008.0, -1.0, 1.016064e6, 0.0, 0.0, 0.0 
0.2187761623949553, -1008.0, -1.0, 1.016064e6, 0.0, 0.0, 0.0 
0.208929613085404, -1008.0, -1.0, 1.016064e6, 0.0, 0.0, 0.0 
0.19952623149688797, -1008.0, -1.0, 1.016064e6, 0.0, 0.0, 0.0 
0.19054607179632474, -1008.0, -1.0, 1.016064e6, 0.0, 0.0, 0.0 
0.18197008586099836, -1008.0, -1.0, 1.016064e6, 0.0, 0.0, 0.0 
0.17378008287493754, -1008.0, -1.0, 1.016064e6, 0.0, 0.0, 0.0 
0.16595869074375605, -1008.0, -1.0, 1.016064e6, 0.0, 0.0, 0.0 
0.15848931924611134, -1008.0, -1.0, 1.016064e6, 0.0, 0.0, 0.0 
0.1513561248436208, -1008.0, -1.0, 1.016064e6, 0.0, 0.0, 0.0 
0.1445439770745927, -1008.0, -1.0, 1.016064e6, 0.0, 0.0, 0.0 
0.13803842646028847, -1008.0, -1.0, 1.016064e6, 0.0, 0.0, 0.0 
0.13182567385564076, -1008.0, -1.0, 1.016064e6, 0.0, 0.0, 0.0 
0.12589254117941676, -1008.0, -1.0, 1.016064e6, 0.0, 0.0, 0.0 
0.12022644346174131, -1008.0, -1.0, 1.016064e6, 0.0, 0.0, 0.0 
0.1148153621496883, -1008.0, -1.0, 1.016064e6, 0.0, 0.0, 0.0 
0.1096478196143185, -1008.0, -1.0, 1.016064e6, 0.0, 0.0, 0.0 
0.10471285480508996, -1008.0, -1.0, 1.016064e6, 0.0, 0.0, 0.0 
0.1, -1008.0, -1.0, 1.016064e6, 0.0, 0.0, 0.0 
