Simulation:L=9, P_s=0.01, T_swap=4.0, T_1=10.0, T_0=1.0, N_T=100 
Temperature T, <E>(T), <-E/E_0>(T), <E^2>(T), Relaxation Iterations=tau(T), Accepted Candidates A(T), Final Configuration Correlation Function Value 
10.0, -340.56, -0.19708333333333333, 116715.2, 0.0, 0.0, 0.0 
9.772372209558107, -341.14, -0.1974189814814815, 117390.36, 0.0, 0.0, 0.0 
9.54992586021436, -344.02, -0.19908564814814814, 118880.92, 0.0, 0.0, 0.0 
9.33254300796991, -349.3, -0.2021412037037037, 122583.72, 0.0, 0.0, 0.0 
9.120108393559098, -345.64, -0.20002314814814814, 120075.76, 0.0, 0.0, 0.0 
8.912509381337456, -341.4, -0.19756944444444444, 117047.92, 0.0, 0.0, 0.0 
8.709635899560807, -344.74, -0.1995023148148148, 119490.52, 0.0, 0.0, 0.0 
8.511380382023765, -354.78, -0.20531249999999998, 126297.64, 0.0, 0.0, 0.0 
8.317637711026709, -353.08, -0.2043287037037037, 125124.88, 0.0, 0.0, 0.0 
8.128305161640993, -351.58, -0.20346064814814813, 124246.68, 0.0, 0.0, 0.0 
7.943282347242815, -358.08, -0.20722222222222222, 128562.96, 0.0, 0.0, 0.0 
7.762471166286917, -362.52, -0.20979166666666665, 131734.16, 0.0, 0.0, 0.0 
7.5857757502918375, -349.44, -0.20222222222222222, 122753.6, 0.0, 0.0, 0.0 
7.413102413009175, -367.2, -0.2125, 135523.44, 0.0, 0.0, 0.0 
7.2443596007499, -362.42, -0.2097337962962963, 131824.84, 0.0, 0.0, 0.0 
7.079457843841379, -365.9, -0.21174768518518516, 134431.16, 0.0, 0.0, 0.0 
6.918309709189366, -358.04, -0.2071990740740741, 128912.72, 0.0, 0.0, 0.0 
6.760829753919818, -367.68, -0.2127777777777778, 135722.8, 0.0, 0.0, 0.0 
6.60693448007596, -371.8, -0.21516203703703704, 138910.16, 0.0, 0.0, 0.0 
6.4565422903465555, -380.08, -0.2199537037037037, 145171.76, 0.0, 0.0, 0.0 
6.3095734448019325, -371.78, -0.21515046296296295, 138754.76, 0.0, 0.0, 0.0 
6.165950018614822, -375.04, -0.21703703703703706, 141104.8, 0.0, 0.0, 0.0 
6.025595860743578, -378.86, -0.2192476851851852, 144347.0, 0.0, 0.0, 0.0 
5.88843655355589, -383.12, -0.22171296296296297, 147282.0, 0.0, 0.0, 0.0 
5.7543993733715695, -377.28, -0.21833333333333332, 142764.88, 0.0, 0.0, 0.0 
5.623413251903491, -387.02, -0.2239699074074074, 150269.56, 0.0, 0.0, 0.0 
5.495408738576245, -382.82, -0.22153935185185183, 147109.16, 0.0, 0.0, 0.0 
5.370317963702527, -388.24, -0.22467592592592592, 151311.44, 0.0, 0.0, 0.0 
5.248074602497725, -405.46, -0.2346412037037037, 165152.44, 0.0, 0.0, 0.0 
5.128613839913649, -397.38, -0.22996527777777778, 158553.72, 0.0, 0.0, 0.0 
5.011872336272724, -390.74, -0.2261226851851852, 153142.36, 0.0, 0.0, 0.0 
4.897788193684462, -405.7, -0.23478009259259258, 165131.24, 0.0, 0.0, 0.0 
4.786300923226384, -408.28, -0.23627314814814812, 167164.96, 0.0, 0.0, 0.0 
4.677351412871982, -412.48, -0.23870370370370372, 170754.0, 0.0, 0.0, 0.0 
4.57088189614875, -409.62, -0.2370486111111111, 168205.4, 0.0, 0.0, 0.0 
4.466835921509632, -423.82, -0.2452662037037037, 180057.8, 0.0, 0.0, 0.0 
4.36515832240166, -437.2, -0.25300925925925927, 192161.12, 0.0, 0.0, 0.0 
4.265795188015927, -422.6, -0.24456018518518519, 179225.36, 0.0, 0.0, 0.0 
4.168693834703355, -425.96, -0.24650462962962963, 182083.84, 0.0, 0.0, 0.0 
4.073802778041127, -434.58, -0.25149305555555557, 189426.12, 0.0, 0.0, 0.0 
3.9810717055349727, -459.2, -0.2657407407407407, 211528.4, 0.0, 0.0, 0.0 
3.8904514499428062, -449.64, -0.2602083333333333, 202668.56, 0.0, 0.0, 0.0 
3.801893963205612, -457.78, -0.26491898148148146, 210231.16, 0.0, 0.0, 0.0 
3.7153522909717256, -437.96, -0.2534490740740741, 192180.88, 0.0, 0.0, 0.0 
3.6307805477010135, -461.32, -0.26696759259259256, 213619.76, 0.0, 0.0, 0.0 
3.5481338923357546, -466.12, -0.2697453703703704, 217764.72, 0.0, 0.0, 0.0 
3.467368504525316, -463.2, -0.26805555555555555, 215342.64, 0.0, 0.0, 0.0 
3.388441561392026, -482.04, -0.27895833333333336, 233049.76, 0.0, 0.0, 0.0 
3.311311214825911, -468.38, -0.2710532407407407, 219956.68, 0.0, 0.0, 0.0 
3.2359365692962827, -472.52, -0.27344907407407404, 223643.68, 0.0, 0.0, 0.0 
3.1622776601683795, -487.08, -0.281875, 237713.04, 0.0, 0.0, 0.0 
3.0902954325135905, -480.74, -0.2782060185185185, 231767.64, 0.0, 0.0, 0.0 
3.019951720402016, -503.66, -0.2914699074074074, 254353.88, 0.0, 0.0, 0.0 
2.9512092266663856, -540.92, -0.3130324074074074, 293148.64, 0.0, 0.0, 0.0 
2.8840315031266055, -531.32, -0.30747685185185186, 283071.52, 0.0, 0.0, 0.0 
2.8183829312644537, -541.54, -0.31339120370370366, 293718.84, 0.0, 0.0, 0.0 
2.7542287033381663, -523.62, -0.30302083333333335, 274663.08, 0.0, 0.0, 0.0 
2.691534803926916, -534.98, -0.3095949074074074, 286914.76, 0.0, 0.0, 0.0 
2.6302679918953826, -534.32, -0.30921296296296297, 286082.48, 0.0, 0.0, 0.0 
2.570395782768864, -535.34, -0.3098032407407408, 287130.84, 0.0, 0.0, 0.0 
2.51188643150958, -567.9, -0.3286458333333333, 323047.72, 0.0, 0.0, 0.0 
2.4547089156850306, -615.02, -0.35591435185185183, 378805.08, 0.0, 0.0, 0.0 
2.398832919019491, -584.74, -0.33839120370370374, 342702.84, 0.0, 0.0, 0.0 
2.3442288153199224, -605.4, -0.3503472222222222, 367382.96, 0.0, 0.0, 0.0 
2.2908676527677727, -598.34, -0.3462615740740741, 359326.36, 0.0, 0.0, 0.0 
2.2387211385683394, -623.14, -0.36061342592592593, 390212.12, 0.0, 0.0, 0.0 
2.1877616239495525, -625.4, -0.36192129629629627, 392506.32, 0.0, 0.0, 0.0 
2.1379620895022318, -672.1, -0.38894675925925926, 453190.28, 0.0, 0.0, 0.0 
2.089296130854039, -710.64, -0.41125, 506290.4, 0.0, 0.0, 0.0 
2.0417379446695296, -784.58, -0.4540393518518519, 616218.28, 0.0, 0.0, 0.0 
1.99526231496888, -760.88, -0.4403240740740741, 580980.24, 0.0, 0.0, 0.0 
1.9498445997580456, -737.72, -0.4269212962962963, 545073.76, 0.0, 0.0, 0.0 
1.9054607179632475, -742.76, -0.42983796296296295, 552577.76, 0.0, 0.0, 0.0 
1.8620871366628675, -802.42, -0.4643634259259259, 644729.08, 0.0, 0.0, 0.0 
1.8197008586099837, -855.78, -0.49524305555555553, 733639.72, 0.0, 0.0, 0.0 
1.778279410038923, -846.88, -0.4900925925925926, 717511.6, 0.0, 0.0, 0.0 
1.7378008287493754, -851.7, -0.4928819444444445, 726230.84, 0.0, 0.0, 0.0 
1.6982436524617444, -892.16, -0.5162962962962963, 796396.56, 0.0, 0.0, 0.0 
1.6595869074375604, -993.46, -0.5749189814814815, 987666.68, 0.0, 0.0, 0.0 
1.62181009735893, -975.7, -0.5646412037037037, 952430.84, 0.0, 0.0, 0.0 
1.5848931924611134, -1025.24, -0.5933101851851852, 1.0516688e6, 0.0, 0.0, 0.0 
1.5488166189124812, -1069.92, -0.6191666666666668, 1.14477192e6, 0.0, 0.0, 0.0 
1.5135612484362084, -1102.18, -0.6378356481481482, 1.215313e6, 0.0, 0.0, 0.0 
1.4791083881682077, -1146.6, -0.6635416666666666, 1.31480416e6, 0.0, 0.0, 0.0 
1.4454397707459277, -1167.54, -0.6756597222222221, 1.36335412e6, 0.0, 0.0, 0.0 
1.4125375446227544, -1173.84, -0.6793055555555555, 1.37798264e6, 0.0, 0.0, 0.0 
1.380384264602885, -1192.7, -0.6902199074074075, 1.42274684e6, 0.0, 0.0, 0.0 
1.3489628825916535, -1185.08, -0.6858101851851851, 1.40471e6, 0.0, 0.0, 0.0 
1.318256738556407, -1198.56, -0.6936111111111111, 1.43679288e6, 0.0, 0.0, 0.0 
1.2882495516931338, -1220.18, -0.7061226851851852, 1.48889292e6, 0.0, 0.0, 0.0 
1.2589254117941673, -1217.64, -0.7046527777777778, 1.4828304e6, 0.0, 0.0, 0.0 
1.2302687708123814, -1244.96, -0.720462962962963, 1.549934e6, 0.0, 0.0, 0.0 
1.202264434617413, -1249.58, -0.7231365740740741, 1.56146924e6, 0.0, 0.0, 0.0 
1.1748975549395295, -1268.22, -0.7339236111111112, 1.60839924e6, 0.0, 0.0, 0.0 
1.148153621496883, -1285.5, -0.7439236111111112, 1.65252212e6, 0.0, 0.0, 0.0 
1.1220184543019636, -1279.72, -0.7405787037037037, 1.6376876e6, 0.0, 0.0, 0.0 
1.096478196143185, -1291.06, -0.7471412037037036, 1.66684284e6, 0.0, 0.0, 0.0 
1.0715193052376066, -1287.1, -0.7448495370370369, 1.65663108e6, 0.0, 0.0, 0.0 
1.0471285480508996, -1287.68, -0.7451851851851852, 1.65814384e6, 0.0, 0.0, 0.0 
1.023292992280754, -1290.56, -0.7468518518518518, 1.66555896e6, 0.0, 0.0, 0.0 
1.0, -1294.1, -0.7489004629629629, 1.67470268e6, 0.0, 0.0, 0.0 
