Simulation:L=9, P_s=0.0, T_swap=4.0, T_1=10.0, T_0=1.0, N_T=100 
Temperature T, <E>(T), <-E/E_0>(T), <E^2>(T), Relaxation Iterations=tau(T), Accepted Candidates A(T), Final Configuration Correlation Function Value 
10.0, -352.96, -0.20425925925925925, 125201.04, 0.0, 0.0, 0.0 
9.772372209558107, -344.92, -0.1996064814814815, 119638.64, 0.0, 0.0, 0.0 
9.54992586021436, -344.82, -0.1995486111111111, 119502.28, 0.0, 0.0, 0.0 
9.33254300796991, -353.06, -0.20431712962962964, 125354.2, 0.0, 0.0, 0.0 
9.120108393559098, -336.98, -0.19501157407407407, 114032.28, 0.0, 0.0, 0.0 
8.912509381337456, -346.08, -0.20027777777777778, 120246.96, 0.0, 0.0, 0.0 
8.709635899560807, -354.18, -0.2049652777777778, 125998.28, 0.0, 0.0, 0.0 
8.511380382023765, -344.58, -0.19940972222222222, 119090.36, 0.0, 0.0, 0.0 
8.317637711026709, -352.46, -0.2039699074074074, 124845.32, 0.0, 0.0, 0.0 
8.128305161640993, -347.24, -0.20094907407407409, 121134.0, 0.0, 0.0, 0.0 
7.943282347242815, -366.1, -0.21186342592592594, 134838.44, 0.0, 0.0, 0.0 
7.762471166286917, -355.42, -0.2056828703703704, 126961.0, 0.0, 0.0, 0.0 
7.5857757502918375, -362.34, -0.2096875, 132052.92, 0.0, 0.0, 0.0 
7.413102413009175, -355.68, -0.20583333333333334, 126969.36, 0.0, 0.0, 0.0 
7.2443596007499, -363.34, -0.2102662037037037, 132379.16, 0.0, 0.0, 0.0 
7.079457843841379, -367.3, -0.21255787037037038, 135356.44, 0.0, 0.0, 0.0 
6.918309709189366, -373.88, -0.21636574074074075, 140406.08, 0.0, 0.0, 0.0 
6.760829753919818, -358.62, -0.20753472222222222, 129192.28, 0.0, 0.0, 0.0 
6.60693448007596, -367.24, -0.21252314814814816, 135442.0, 0.0, 0.0, 0.0 
6.4565422903465555, -371.82, -0.2151736111111111, 138661.8, 0.0, 0.0, 0.0 
6.3095734448019325, -383.18, -0.2217476851851852, 147409.16, 0.0, 0.0, 0.0 
6.165950018614822, -374.4, -0.21666666666666665, 141081.52, 0.0, 0.0, 0.0 
6.025595860743578, -372.5, -0.21556712962962962, 139487.16, 0.0, 0.0, 0.0 
5.88843655355589, -384.54, -0.22253472222222223, 148585.4, 0.0, 0.0, 0.0 
5.7543993733715695, -387.94, -0.2245023148148148, 151306.76, 0.0, 0.0, 0.0 
5.623413251903491, -386.94, -0.22392361111111111, 150621.48, 0.0, 0.0, 0.0 
5.495408738576245, -389.86, -0.22561342592592593, 152535.8, 0.0, 0.0, 0.0 
5.370317963702527, -394.34, -0.22820601851851852, 156038.04, 0.0, 0.0, 0.0 
5.248074602497725, -404.62, -0.2341550925925926, 164177.64, 0.0, 0.0, 0.0 
5.128613839913649, -402.28, -0.2328009259259259, 162356.16, 0.0, 0.0, 0.0 
5.011872336272724, -426.52, -0.2468287037037037, 183163.52, 0.0, 0.0, 0.0 
4.897788193684462, -401.0, -0.23206018518518517, 161468.24, 0.0, 0.0, 0.0 
4.786300923226384, -420.14, -0.24313657407407407, 177167.96, 0.0, 0.0, 0.0 
4.677351412871982, -408.0, -0.2361111111111111, 166927.84, 0.0, 0.0, 0.0 
4.57088189614875, -412.68, -0.23881944444444445, 170952.48, 0.0, 0.0, 0.0 
4.466835921509632, -417.66, -0.2417013888888889, 175523.08, 0.0, 0.0, 0.0 
4.36515832240166, -423.24, -0.24493055555555557, 179700.72, 0.0, 0.0, 0.0 
4.265795188015927, -424.5, -0.2456597222222222, 180566.68, 0.0, 0.0, 0.0 
4.168693834703355, -447.8, -0.2591435185185185, 201470.08, 0.0, 0.0, 0.0 
4.073802778041127, -439.62, -0.25440972222222225, 193968.04, 0.0, 0.0, 0.0 
3.9810717055349727, -437.18, -0.2529976851851852, 191761.56, 0.0, 0.0, 0.0 
3.8904514499428062, -455.3, -0.2634837962962963, 208304.84, 0.0, 0.0, 0.0 
3.801893963205612, -457.88, -0.2649768518518518, 210082.24, 0.0, 0.0, 0.0 
3.7153522909717256, -451.3, -0.2611689814814815, 204410.76, 0.0, 0.0, 0.0 
3.6307805477010135, -440.98, -0.2551967592592593, 194974.6, 0.0, 0.0, 0.0 
3.5481338923357546, -462.88, -0.26787037037037037, 214616.4, 0.0, 0.0, 0.0 
3.467368504525316, -468.88, -0.2713425925925926, 220470.56, 0.0, 0.0, 0.0 
3.388441561392026, -478.66, -0.27700231481481485, 229516.52, 0.0, 0.0, 0.0 
3.311311214825911, -457.58, -0.26480324074074074, 209918.44, 0.0, 0.0, 0.0 
3.2359365692962827, -485.22, -0.28079861111111115, 236190.68, 0.0, 0.0, 0.0 
3.1622776601683795, -480.66, -0.27815972222222224, 231621.08, 0.0, 0.0, 0.0 
3.0902954325135905, -524.5, -0.3035300925925926, 276250.04, 0.0, 0.0, 0.0 
3.019951720402016, -493.2, -0.28541666666666665, 244608.56, 0.0, 0.0, 0.0 
2.9512092266663856, -508.56, -0.29430555555555554, 259488.88, 0.0, 0.0, 0.0 
2.8840315031266055, -535.84, -0.3100925925925926, 287870.48, 0.0, 0.0, 0.0 
2.8183829312644537, -520.76, -0.30136574074074074, 272021.6, 0.0, 0.0, 0.0 
2.7542287033381663, -545.3, -0.31556712962962963, 298412.92, 0.0, 0.0, 0.0 
2.691534803926916, -550.8, -0.31875, 305556.16, 0.0, 0.0, 0.0 
2.6302679918953826, -539.7, -0.3123263888888889, 291999.0, 0.0, 0.0, 0.0 
2.570395782768864, -553.08, -0.32006944444444446, 307236.0, 0.0, 0.0, 0.0 
2.51188643150958, -571.2, -0.3305555555555556, 326996.8, 0.0, 0.0, 0.0 
2.4547089156850306, -590.46, -0.3417013888888889, 349070.6, 0.0, 0.0, 0.0 
2.398832919019491, -572.04, -0.3310416666666666, 327649.44, 0.0, 0.0, 0.0 
2.3442288153199224, -615.88, -0.35641203703703705, 379818.96, 0.0, 0.0, 0.0 
2.2908676527677727, -602.72, -0.3487962962962963, 364071.2, 0.0, 0.0, 0.0 
2.2387211385683394, -644.1, -0.3727430555555556, 415062.04, 0.0, 0.0, 0.0 
2.1877616239495525, -660.14, -0.38202546296296297, 436160.04, 0.0, 0.0, 0.0 
2.1379620895022318, -602.54, -0.3486921296296296, 363318.76, 0.0, 0.0, 0.0 
2.089296130854039, -627.2, -0.362962962962963, 393868.96, 0.0, 0.0, 0.0 
2.0417379446695296, -625.06, -0.361724537037037, 391085.0, 0.0, 0.0, 0.0 
1.99526231496888, -646.2, -0.37395833333333334, 418259.04, 0.0, 0.0, 0.0 
1.9498445997580456, -669.34, -0.38734953703703706, 448381.48, 0.0, 0.0, 0.0 
1.9054607179632475, -656.44, -0.3798842592592593, 431039.92, 0.0, 0.0, 0.0 
1.8620871366628675, -683.52, -0.39555555555555555, 467207.04, 0.0, 0.0, 0.0 
1.8197008586099837, -693.8, -0.40150462962962963, 481504.88, 0.0, 0.0, 0.0 
1.778279410038923, -703.86, -0.4073263888888889, 495432.44, 0.0, 0.0, 0.0 
1.7378008287493754, -706.0, -0.4085648148148148, 498436.0, 0.0, 0.0, 0.0 
1.6982436524617444, -706.0, -0.4085648148148148, 498436.0, 0.0, 0.0, 0.0 
1.6595869074375604, -706.0, -0.4085648148148148, 498436.0, 0.0, 0.0, 0.0 
1.62181009735893, -706.0, -0.4085648148148148, 498436.0, 0.0, 0.0, 0.0 
1.5848931924611134, -706.0, -0.4085648148148148, 498436.0, 0.0, 0.0, 0.0 
1.5488166189124812, -706.2, -0.4086805555555556, 498719.04, 0.0, 0.0, 0.0 
1.5135612484362084, -707.96, -0.4096990740740741, 501207.52, 0.0, 0.0, 0.0 
1.4791083881682077, -708.0, -0.4097222222222222, 501264.0, 0.0, 0.0, 0.0 
1.4454397707459277, -707.8, -0.40960648148148143, 500981.36, 0.0, 0.0, 0.0 
1.4125375446227544, -707.24, -0.4092824074074074, 500190.88, 0.0, 0.0, 0.0 
1.380384264602885, -708.0, -0.4097222222222222, 501264.0, 0.0, 0.0, 0.0 
1.3489628825916535, -708.0, -0.4097222222222222, 501264.0, 0.0, 0.0, 0.0 
1.318256738556407, -708.0, -0.4097222222222222, 501264.0, 0.0, 0.0, 0.0 
1.2882495516931338, -708.0, -0.4097222222222222, 501264.0, 0.0, 0.0, 0.0 
1.2589254117941673, -708.0, -0.4097222222222222, 501264.0, 0.0, 0.0, 0.0 
1.2302687708123814, -708.0, -0.4097222222222222, 501264.0, 0.0, 0.0, 0.0 
1.202264434617413, -708.0, -0.4097222222222222, 501264.0, 0.0, 0.0, 0.0 
1.1748975549395295, -708.0, -0.4097222222222222, 501264.0, 0.0, 0.0, 0.0 
1.148153621496883, -708.0, -0.4097222222222222, 501264.0, 0.0, 0.0, 0.0 
1.1220184543019636, -708.0, -0.4097222222222222, 501264.0, 0.0, 0.0, 0.0 
1.096478196143185, -708.0, -0.4097222222222222, 501264.0, 0.0, 0.0, 0.0 
1.0715193052376066, -707.44, -0.4093981481481482, 500473.28, 0.0, 0.0, 0.0 
1.0471285480508996, -705.72, -0.4084027777777778, 498044.64, 0.0, 0.0, 0.0 
1.023292992280754, -708.0, -0.4097222222222222, 501264.0, 0.0, 0.0, 0.0 
1.0, -708.0, -0.4097222222222222, 501264.0, 0.0, 0.0, 0.0 
