Simulation:L=9, P_s=1.0, T_swap=4.0, T_1=10.0, T_0=1.0, N_T=100 
Temperature T, <E>(T), <-E/E_0>(T), <E^2>(T), Relaxation Iterations=tau(T), Accepted Candidates A(T), Final Configuration Correlation Function Value 
10.0, -345.76, -0.2000925925925926, 120042.96, 0.0, 0.0, 0.0 
9.772372209558107, -342.3, -0.1980902777777778, 117752.44, 0.0, 0.0, 0.0 
9.54992586021436, -343.14, -0.19857638888888887, 118198.44, 0.0, 0.0, 0.0 
9.33254300796991, -345.76, -0.2000925925925926, 120118.08, 0.0, 0.0, 0.0 
9.120108393559098, -342.12, -0.1979861111111111, 117510.24, 0.0, 0.0, 0.0 
8.912509381337456, -349.8, -0.20243055555555556, 123005.28, 0.0, 0.0, 0.0 
8.709635899560807, -349.8, -0.20243055555555556, 122832.32, 0.0, 0.0, 0.0 
8.511380382023765, -344.68, -0.19946759259259259, 119403.04, 0.0, 0.0, 0.0 
8.317637711026709, -342.68, -0.1983101851851852, 117896.64, 0.0, 0.0, 0.0 
8.128305161640993, -360.96, -0.20888888888888887, 131167.2, 0.0, 0.0, 0.0 
7.943282347242815, -356.02, -0.20603009259259258, 127233.96, 0.0, 0.0, 0.0 
7.762471166286917, -366.38, -0.21202546296296296, 134920.84, 0.0, 0.0, 0.0 
7.5857757502918375, -357.3, -0.20677083333333335, 128244.84, 0.0, 0.0, 0.0 
7.413102413009175, -367.26, -0.21253472222222222, 135428.6, 0.0, 0.0, 0.0 
7.2443596007499, -367.78, -0.21283564814814812, 135824.76, 0.0, 0.0, 0.0 
7.079457843841379, -367.42, -0.2126273148148148, 135598.12, 0.0, 0.0, 0.0 
6.918309709189366, -360.24, -0.20847222222222223, 130375.76, 0.0, 0.0, 0.0 
6.760829753919818, -382.58, -0.22140046296296295, 147063.88, 0.0, 0.0, 0.0 
6.60693448007596, -365.6, -0.21157407407407408, 134409.2, 0.0, 0.0, 0.0 
6.4565422903465555, -375.2, -0.21712962962962962, 141138.88, 0.0, 0.0, 0.0 
6.3095734448019325, -372.0, -0.2152777777777778, 139037.44, 0.0, 0.0, 0.0 
6.165950018614822, -369.68, -0.2139351851851852, 137030.88, 0.0, 0.0, 0.0 
6.025595860743578, -376.48, -0.21787037037037038, 142203.04, 0.0, 0.0, 0.0 
5.88843655355589, -374.84, -0.21692129629629628, 140925.6, 0.0, 0.0, 0.0 
5.7543993733715695, -381.96, -0.22104166666666666, 146606.0, 0.0, 0.0, 0.0 
5.623413251903491, -390.14, -0.22577546296296294, 152963.88, 0.0, 0.0, 0.0 
5.495408738576245, -393.88, -0.22793981481481482, 155734.88, 0.0, 0.0, 0.0 
5.370317963702527, -397.22, -0.2298726851851852, 158323.48, 0.0, 0.0, 0.0 
5.248074602497725, -388.92, -0.22506944444444446, 151883.6, 0.0, 0.0, 0.0 
5.128613839913649, -409.06, -0.23672453703703702, 167836.84, 0.0, 0.0, 0.0 
5.011872336272724, -408.66, -0.23649305555555558, 167467.4, 0.0, 0.0, 0.0 
4.897788193684462, -426.94, -0.24707175925925925, 183221.16, 0.0, 0.0, 0.0 
4.786300923226384, -417.3, -0.24149305555555556, 174669.88, 0.0, 0.0, 0.0 
4.677351412871982, -412.34, -0.23862268518518517, 170589.16, 0.0, 0.0, 0.0 
4.57088189614875, -415.56, -0.24048611111111112, 173080.32, 0.0, 0.0, 0.0 
4.466835921509632, -419.46, -0.24274305555555553, 176871.16, 0.0, 0.0, 0.0 
4.36515832240166, -418.08, -0.24194444444444443, 175308.32, 0.0, 0.0, 0.0 
4.265795188015927, -422.14, -0.2442939814814815, 178860.68, 0.0, 0.0, 0.0 
4.168693834703355, -426.6, -0.246875, 183153.28, 0.0, 0.0, 0.0 
4.073802778041127, -445.18, -0.2576273148148148, 199043.64, 0.0, 0.0, 0.0 
3.9810717055349727, -444.46, -0.25721064814814815, 198279.48, 0.0, 0.0, 0.0 
3.8904514499428062, -452.3, -0.2617476851851852, 205426.36, 0.0, 0.0, 0.0 
3.801893963205612, -449.38, -0.26005787037037037, 202541.4, 0.0, 0.0, 0.0 
3.7153522909717256, -458.96, -0.26560185185185187, 211558.88, 0.0, 0.0, 0.0 
3.6307805477010135, -460.76, -0.26664351851851853, 213192.4, 0.0, 0.0, 0.0 
3.5481338923357546, -472.4, -0.27337962962962964, 224012.8, 0.0, 0.0, 0.0 
3.467368504525316, -469.0, -0.27141203703703703, 220734.48, 0.0, 0.0, 0.0 
3.388441561392026, -485.94, -0.2812152777777778, 236783.8, 0.0, 0.0, 0.0 
3.311311214825911, -481.24, -0.27849537037037037, 232681.12, 0.0, 0.0, 0.0 
3.2359365692962827, -488.16, -0.28250000000000003, 239246.96, 0.0, 0.0, 0.0 
3.1622776601683795, -501.38, -0.290150462962963, 252378.52, 0.0, 0.0, 0.0 
3.0902954325135905, -504.46, -0.29193287037037036, 255303.8, 0.0, 0.0, 0.0 
3.019951720402016, -513.96, -0.2974305555555556, 265175.92, 0.0, 0.0, 0.0 
2.9512092266663856, -512.72, -0.29671296296296296, 263637.2, 0.0, 0.0, 0.0 
2.8840315031266055, -523.14, -0.30274305555555553, 274614.36, 0.0, 0.0, 0.0 
2.8183829312644537, -538.66, -0.311724537037037, 291245.64, 0.0, 0.0, 0.0 
2.7542287033381663, -543.98, -0.31480324074074073, 296758.44, 0.0, 0.0, 0.0 
2.691534803926916, -548.66, -0.31751157407407404, 302120.12, 0.0, 0.0, 0.0 
2.6302679918953826, -561.5, -0.32494212962962965, 316266.68, 0.0, 0.0, 0.0 
2.570395782768864, -567.64, -0.32849537037037035, 323415.04, 0.0, 0.0, 0.0 
2.51188643150958, -586.46, -0.3393865740740741, 345026.76, 0.0, 0.0, 0.0 
2.4547089156850306, -588.0, -0.3402777777777778, 346867.04, 0.0, 0.0, 0.0 
2.398832919019491, -607.9, -0.35179398148148144, 370810.12, 0.0, 0.0, 0.0 
2.3442288153199224, -615.22, -0.3560300925925926, 380021.88, 0.0, 0.0, 0.0 
2.2908676527677727, -633.32, -0.36650462962962965, 402433.04, 0.0, 0.0, 0.0 
2.2387211385683394, -642.94, -0.3720717592592593, 414642.44, 0.0, 0.0, 0.0 
2.1877616239495525, -656.7, -0.38003472222222223, 432763.08, 0.0, 0.0, 0.0 
2.1379620895022318, -680.48, -0.3937962962962963, 464640.88, 0.0, 0.0, 0.0 
2.089296130854039, -697.74, -0.4037847222222222, 489290.6, 0.0, 0.0, 0.0 
2.0417379446695296, -715.08, -0.41381944444444446, 513453.52, 0.0, 0.0, 0.0 
1.99526231496888, -738.1, -0.42714120370370373, 546813.72, 0.0, 0.0, 0.0 
1.9498445997580456, -785.4, -0.4545138888888889, 619646.0, 0.0, 0.0, 0.0 
1.9054607179632475, -792.42, -0.45857638888888885, 630485.64, 0.0, 0.0, 0.0 
1.8620871366628675, -864.22, -0.5001273148148149, 750708.04, 0.0, 0.0, 0.0 
1.8197008586099837, -910.66, -0.5270023148148147, 837674.04, 0.0, 0.0, 0.0 
1.778279410038923, -961.36, -0.5563425925925926, 927179.52, 0.0, 0.0, 0.0 
1.7378008287493754, -1010.62, -0.584849537037037, 1.0329794e6, 0.0, 0.0, 0.0 
1.6982436524617444, -1459.74, -0.8447569444444445, 2.14073468e6, 0.0, 0.0, 0.0 
1.6595869074375604, -1577.92, -0.9131481481481482, 2.49041208e6, 0.0, 0.0, 0.0 
1.62181009735893, -1581.14, -0.9150115740740742, 2.50027156e6, 0.0, 0.0, 0.0 
1.5848931924611134, -1633.82, -0.9454976851851852, 2.67044284e6, 0.0, 0.0, 0.0 
1.5488166189124812, -1686.08, -0.9757407407407407, 2.84291192e6, 0.0, 0.0, 0.0 
1.5135612484362084, -1688.2, -0.9769675925925926, 2.85003392e6, 0.0, 0.0, 0.0 
1.4791083881682077, -1687.94, -0.9768171296296296, 2.84918516e6, 0.0, 0.0, 0.0 
1.4454397707459277, -1688.18, -0.9769560185185185, 2.84997444e6, 0.0, 0.0, 0.0 
1.4125375446227544, -1688.28, -0.9770138888888888, 2.85033608e6, 0.0, 0.0, 0.0 
1.380384264602885, -1688.74, -0.9772800925925926, 2.85188148e6, 0.0, 0.0, 0.0 
1.3489628825916535, -1689.42, -0.9776736111111112, 2.8541606e6, 0.0, 0.0, 0.0 
1.318256738556407, -1691.4, -0.9788194444444445, 2.86083776e6, 0.0, 0.0, 0.0 
1.2882495516931338, -1686.34, -0.9758912037037036, 2.84376604e6, 0.0, 0.0, 0.0 
1.2589254117941673, -1690.54, -0.9783217592592592, 2.85793476e6, 0.0, 0.0, 0.0 
1.2302687708123814, -1691.26, -0.978738425925926, 2.86036404e6, 0.0, 0.0, 0.0 
1.202264434617413, -1691.42, -0.9788310185185186, 2.86090452e6, 0.0, 0.0, 0.0 
1.1748975549395295, -1691.6, -0.9789351851851852, 2.86151632e6, 0.0, 0.0, 0.0 
1.148153621496883, -1692.0, -0.9791666666666666, 2.862864e6, 0.0, 0.0, 0.0 
1.1220184543019636, -1692.0, -0.9791666666666666, 2.862864e6, 0.0, 0.0, 0.0 
1.096478196143185, -1692.0, -0.9791666666666666, 2.862864e6, 0.0, 0.0, 0.0 
1.0715193052376066, -1691.82, -0.9790625, 2.86225596e6, 0.0, 0.0, 0.0 
1.0471285480508996, -1692.0, -0.9791666666666666, 2.862864e6, 0.0, 0.0, 0.0 
1.023292992280754, -1690.3, -0.9781828703703703, 2.85712156e6, 0.0, 0.0, 0.0 
1.0, -1692.0, -0.9791666666666666, 2.862864e6, 0.0, 0.0, 0.0 
