Simulation:L=3, P_s=1.0, T_swap=2.5, T_1=10.0, T_0=1.0, N_T=50 
Temperature T, <E>(T), <-E/E_0>(T), <E^2>(T), Relaxation Iterations=tau(T), Accepted Candidates A(T), Final Configuration Correlation Function Value 
10.0, -27.24, -0.18916666666666665, 786.24, 644.0, 551.0, 0.12962962962962962 
9.54992586021436, -26.9, -0.18680555555555556, 785.16, 153.5, 126.5, 0.1111111111111111 
9.120108393559098, -26.92, -0.18694444444444447, 761.84, 113.0, 94.0, 0.12962962962962962 
8.709635899560807, -26.64, -0.185, 742.64, 143.5, 118.5, 0.12962962962962962 
8.317637711026709, -28.1, -0.1951388888888889, 834.68, 71.0, 58.0, 0.12962962962962962 
7.943282347242815, -26.08, -0.1811111111111111, 721.2, 621.0, 513.5, 0.12962962962962962 
7.5857757502918375, -29.8, -0.20694444444444446, 930.56, 545.5, 418.0, 0.12962962962962962 
7.2443596007499, -29.1, -0.20208333333333334, 879.56, 45.5, 35.5, 0.12962962962962962 
6.918309709189366, -29.62, -0.20569444444444446, 913.8, 352.0, 266.0, 0.12962962962962962 
6.60693448007596, -30.0, -0.20833333333333334, 967.6, 1051.0, 780.5, 0.12962962962962962 
6.3095734448019325, -30.58, -0.2123611111111111, 975.48, 812.0, 597.5, 0.12962962962962962 
6.025595860743578, -32.56, -0.22611111111111112, 1114.8, 685.5, 481.0, 0.12962962962962962 
5.7543993733715695, -28.86, -0.20041666666666666, 869.16, 100.5, 69.5, 0.12962962962962962 
5.495408738576245, -32.24, -0.22388888888888892, 1074.48, 15.0, 8.5, 0.12962962962962962 
5.248074602497725, -31.42, -0.21819444444444447, 1032.52, 2721.5, 1914.5, 0.12962962962962962 
5.011872336272724, -29.68, -0.2061111111111111, 926.32, 437.5, 289.5, 0.12962962962962962 
4.786300923226384, -33.46, -0.23236111111111113, 1162.36, 585.5, 393.5, 0.12962962962962962 
4.57088189614875, -33.08, -0.22972222222222222, 1145.2, 120.0, 85.5, 0.1111111111111111 
4.36515832240166, -33.52, -0.2327777777777778, 1163.12, 877.5, 557.5, 0.12962962962962962 
4.168693834703355, -32.88, -0.22833333333333336, 1124.4, 67.5, 43.0, 0.1111111111111111 
3.9810717055349727, -34.76, -0.24138888888888888, 1245.52, 10.5, 8.0, 0.1111111111111111 
3.801893963205612, -35.42, -0.24597222222222223, 1315.8, 1638.5, 969.0, 0.12962962962962962 
3.6307805477010135, -35.92, -0.24944444444444447, 1339.92, 1574.5, 887.5, 0.12962962962962962 
3.467368504525316, -35.76, -0.24833333333333332, 1317.6, 279.0, 157.5, 0.12962962962962962 
3.311311214825911, -36.64, -0.2544444444444445, 1387.12, 2790.5, 1434.5, 0.12962962962962962 
3.1622776601683795, -37.22, -0.2584722222222222, 1429.48, 1689.0, 858.0, 0.12962962962962962 
3.019951720402016, -37.68, -0.26166666666666666, 1460.72, 1728.0, 798.5, 0.12962962962962962 
2.8840315031266055, -38.78, -0.2693055555555556, 1541.48, 124.0, 56.0, 0.1111111111111111 
2.7542287033381663, -40.3, -0.2798611111111111, 1693.08, 467.0, 200.5, 0.12962962962962962 
2.6302679918953826, -40.66, -0.28236111111111106, 1703.0, 1551.5, 570.5, 0.12962962962962962 
2.51188643150958, -40.9, -0.28402777777777777, 1736.2, 1029.0, 358.5, 0.12962962962962962 
2.398832919019491, -42.86, -0.2976388888888889, 1913.32, 264.0, 87.0, 0.12962962962962962 
2.2908676527677727, -44.44, -0.3086111111111111, 2037.44, 196.5, 71.5, 0.12962962962962962 
2.1877616239495525, -47.0, -0.3263888888888889, 2281.76, 837.5, 270.0, 0.12962962962962962 
2.089296130854039, -47.92, -0.3327777777777778, 2369.6, 5000.5, 1091.5, 0.25925925925925924 
1.99526231496888, -46.38, -0.32208333333333333, 2214.68, 5000.5, 745.0, 0.18518518518518517 
1.9054607179632475, -49.2, -0.3416666666666667, 2500.24, 3430.5, 638.0, 0.12962962962962962 
1.8197008586099837, -53.38, -0.37069444444444444, 2921.72, 1084.5, 134.0, 0.12962962962962962 
1.7378008287493754, -54.46, -0.37819444444444444, 3057.64, 5000.5, 553.0, 0.4444444444444444 
1.6595869074375604, -55.66, -0.38652777777777775, 3203.56, 5000.5, 373.0, 0.2962962962962963 
1.5848931924611134, -57.2, -0.39722222222222225, 3411.12, 5000.5, 215.0, 0.48148148148148145 
1.5135612484362084, -61.4, -0.4263888888888889, 3870.48, 5000.5, 300.5, 0.35185185185185186 
1.4454397707459277, -64.68, -0.4491666666666667, 4295.44, 5000.5, 169.0, 0.35185185185185186 
1.380384264602885, -74.8, -0.5194444444444444, 5841.04, 5000.5, 318.5, 0.611111111111111 
1.318256738556407, -83.6, -0.5805555555555555, 7271.44, 5000.5, 34.5, 0.8333333333333333 
1.2589254117941673, -81.42, -0.5654166666666667, 6823.96, 5000.5, 0.0, 1.0 
1.202264434617413, -94.16, -0.6538888888888889, 8953.12, 5000.5, 71.5, 0.4444444444444444 
1.148153621496883, -98.54, -0.6843055555555556, 9767.08, 5000.5, 0.0, 1.0 
1.096478196143185, -98.2, -0.6819444444444445, 9668.4, 5000.5, 0.0, 1.0 
1.0471285480508996, -102.7, -0.7131944444444445, 10559.16, 5000.5, 12.5, 0.8333333333333333 
1.0, -103.64, -0.7197222222222223, 10742.32, 5000.5, 0.0, 1.0 
