Simulation:L=5, P_s=0.0, T_swap=10.0, T_1=10.0, T_0=0.1, N_T=50 
Temperature T, <E>(T), <-E/E_0>(T), <E^2>(T), Relaxation Iterations=tau(T), Accepted Candidates A(T), Final Configuration Correlation Function Value 
10.0, -95.1, -0.198125, 9176.04, 101.5, 75.5, 0.12000000000000001 
9.120108393559098, -91.5, -0.190625, 8524.6, 48.0, 35.0, 0.12666666666666668 
8.317637711026709, -92.44, -0.19258333333333333, 8667.28, 100.0, 62.5, 0.12666666666666668 
7.5857757502918375, -99.34, -0.20695833333333333, 10016.6, 85.5, 60.5, 0.12000000000000001 
6.918309709189366, -102.02, -0.21254166666666666, 10586.04, 38.0, 24.0, 0.13333333333333333 
6.3095734448019325, -102.02, -0.21254166666666666, 10504.28, 19.0, 15.5, 0.10666666666666667 
5.7543993733715695, -110.86, -0.23095833333333332, 12425.96, 207.0, 114.5, 0.13333333333333333 
5.248074602497725, -108.14, -0.22529166666666667, 11871.08, 49.5, 25.0, 0.12000000000000001 
4.786300923226383, -110.9, -0.23104166666666667, 12451.8, 89.0, 47.5, 0.12666666666666668 
4.36515832240166, -118.52, -0.24691666666666665, 14222.64, 290.0, 146.5, 0.12666666666666668 
3.9810717055349727, -117.46, -0.24470833333333333, 13915.56, 70.5, 25.0, 0.12666666666666668 
3.6307805477010135, -122.46, -0.255125, 15179.48, 99.0, 37.5, 0.13333333333333333 
3.311311214825911, -126.66, -0.26387499999999997, 16233.08, 22.0, 9.5, 0.13333333333333333 
3.019951720402016, -137.64, -0.28674999999999995, 19154.0, 89.5, 28.0, 0.12666666666666668 
2.7542287033381663, -135.4, -0.28208333333333335, 18537.04, 292.5, 82.5, 0.13333333333333333 
2.51188643150958, -152.66, -0.31804166666666667, 23420.04, 341.5, 85.0, 0.13333333333333333 
2.2908676527677727, -160.9, -0.33520833333333333, 25974.6, 691.0, 138.5, 0.13333333333333333 
2.089296130854039, -173.86, -0.36220833333333335, 30428.76, 62.0, 8.0, 0.10666666666666667 
1.9054607179632475, -184.26, -0.38387499999999997, 34136.36, 5000.5, 372.5, 0.21333333333333335 
1.7378008287493754, -204.58, -0.42620833333333336, 41997.32, 5000.5, 248.0, 0.26666666666666666 
1.5848931924611134, -210.26, -0.43804166666666666, 44276.6, 5000.5, 123.5, 0.24666666666666667 
1.4454397707459277, -232.58, -0.4845416666666667, 54169.4, 5000.5, 158.5, 0.2866666666666667 
1.318256738556407, -246.6, -0.51375, 60860.72, 5000.5, 110.5, 0.6466666666666667 
1.202264434617413, -251.52, -0.524, 63266.56, 5000.5, 0.0, 1.0 
1.096478196143185, -249.46, -0.5197083333333333, 62232.28, 5000.5, 29.0, 1.0 
1.0, -254.46, -0.5301250000000001, 64756.28, 5000.5, 137.0, 1.0 
0.9120108393559097, -255.32, -0.5319166666666667, 65190.32, 5000.5, 126.0, 1.0 
0.8317637711026709, -255.44, -0.5321666666666667, 65250.8, 5000.5, 119.0, 1.0 
0.7585775750291835, -255.68, -0.5326666666666667, 65372.8, 5000.5, 67.0, 1.0 
0.6918309709189365, -255.48, -0.53225, 65270.88, 5000.5, 68.0, 1.0 
0.6309573444801932, -255.76, -0.5328333333333333, 65413.6, 5000.5, 51.0, 1.0 
0.5754399373371569, -255.82, -0.5329583333333333, 65444.2, 5000.5, 49.0, 1.0 
0.5248074602497725, -255.86, -0.5330416666666667, 65464.6, 5000.5, 29.0, 1.0 
0.4786300923226383, -255.92, -0.5331666666666667, 65495.2, 5000.5, 17.5, 0.7333333333333334 
0.4365158322401659, -255.96, -0.53325, 65515.6, 5000.5, 9.0, 1.0 
0.3981071705534973, -255.96, -0.53325, 65515.6, 5000.5, 6.0, 1.0 
0.36307805477010135, -255.92, -0.5331666666666667, 65495.2, 5000.5, 6.0, 1.0 
0.33113112148259116, -255.98, -0.5332916666666666, 65525.8, 5000.5, 5.0, 1.0 
0.3019951720402016, -255.98, -0.5332916666666666, 65525.8, 5000.5, 0.0, 1.0 
0.2754228703338166, -255.98, -0.5332916666666666, 65525.8, 5000.5, 1.0, 1.0 
0.25118864315095796, -256.0, -0.5333333333333333, 65536.0, 5000.5, 0.0, 1.0 
0.22908676527677738, -256.0, -0.5333333333333333, 65536.0, 5000.5, 1.0, 1.0 
0.208929613085404, -256.0, -0.5333333333333333, 65536.0, 5000.5, 0.0, 1.0 
0.19054607179632474, -256.0, -0.5333333333333333, 65536.0, 5000.5, 0.0, 1.0 
0.17378008287493754, -256.0, -0.5333333333333333, 65536.0, 5000.5, 0.0, 1.0 
0.15848931924611134, -256.0, -0.5333333333333333, 65536.0, 5000.5, 0.0, 1.0 
0.1445439770745927, -256.0, -0.5333333333333333, 65536.0, 5000.5, 0.0, 1.0 
0.13182567385564076, -256.0, -0.5333333333333333, 65536.0, 5000.5, 0.0, 1.0 
0.12022644346174131, -256.0, -0.5333333333333333, 65536.0, 5000.5, 0.0, 1.0 
0.1096478196143185, -256.0, -0.5333333333333333, 65536.0, 5000.5, 0.0, 1.0 
0.1, -256.0, -0.5333333333333333, 65536.0, 5000.5, 0.0, 1.0 
