Simulation:L=7&P_s=0.0&T_1=10.0&T_0=0.1&N_T=100 
Temperature T, <E>(T), <-E/E_0>(T), <E^2>(T), Relaxation Iterations=tau(T), Final Configuration Correlation Function Value 
10.0, -102.812, -0.20399206349206347, 10677.188, 86.5, 0.1326530612244898 
9.54992586021436, -102.678, -0.20372619047619048, 10654.93, 619.0, 0.1326530612244898 
9.120108393559098, -103.98, -0.2063095238095238, 10912.828, 223.5, 0.12244897959183673 
8.709635899560807, -103.482, -0.20532142857142857, 10814.262, 1309.5, 0.1326530612244898 
8.317637711026709, -104.11, -0.20656746031746032, 10956.886, 102.0, 0.1326530612244898 
7.943282347242815, -104.536, -0.2074126984126984, 11054.364, 2126.0, 0.1326530612244898 
7.5857757502918375, -105.854, -0.21002777777777779, 11333.438, 624.0, 0.1292517006802721 
7.2443596007499, -106.954, -0.21221031746031746, 11539.89, 545.0, 0.12585034013605442 
6.918309709189366, -108.048, -0.2143809523809524, 11785.316, 1670.0, 0.12585034013605442 
6.60693448007596, -108.206, -0.21469444444444444, 11831.098, 127.5, 0.12585034013605442 
6.3095734448019325, -109.282, -0.21682936507936507, 12064.006, 3336.5, 0.12585034013605442 
6.025595860743578, -108.864, -0.216, 11969.952, 2915.5, 0.1326530612244898 
5.7543993733715695, -110.034, -0.21832142857142858, 12224.418, 64.0, 0.1326530612244898 
5.495408738576245, -111.038, -0.22031349206349204, 12451.81, 70.5, 0.1292517006802721 
5.248074602497725, -112.676, -0.22356349206349208, 12812.82, 224.5, 0.12585034013605442 
5.011872336272724, -112.974, -0.2241547619047619, 12881.438, 1149.0, 0.12585034013605442 
4.786300923226383, -113.14, -0.22448412698412698, 12926.628, 3202.5, 0.1326530612244898 
4.57088189614875, -115.098, -0.2283690476190476, 13349.038, 2576.5, 0.1326530612244898 
4.36515832240166, -116.48, -0.23111111111111113, 13713.896, 1035.0, 0.12585034013605442 
4.168693834703355, -118.636, -0.23538888888888887, 14193.648, 574.5, 0.1326530612244898 
3.9810717055349727, -118.2, -0.23452380952380952, 14086.064, 768.0, 0.1326530612244898 
3.801893963205612, -120.516, -0.23911904761904762, 14637.488, 1207.0, 0.1326530612244898 
3.6307805477010135, -123.03, -0.24410714285714286, 15270.486, 241.5, 0.1292517006802721 
3.467368504525316, -122.954, -0.2439563492063492, 15242.138, 2164.0, 0.1326530612244898 
3.311311214825911, -126.04, -0.25007936507936507, 16025.172, 5000.5, 0.2585034013605442 
3.1622776601683795, -128.006, -0.2539801587301587, 16493.466, 2448.0, 0.1326530612244898 
3.019951720402016, -127.412, -0.2528015873015873, 16364.78, 3926.0, 0.1292517006802721 
2.8840315031266055, -130.508, -0.2589444444444445, 17199.324, 1599.0, 0.1326530612244898 
2.7542287033381663, -132.516, -0.2629285714285714, 17687.336, 1561.5, 0.1292517006802721 
2.6302679918953817, -136.902, -0.27163095238095236, 18894.758, 632.0, 0.1326530612244898 
2.51188643150958, -139.402, -0.2765912698412698, 19556.186, 384.5, 0.1326530612244898 
2.3988329190194904, -139.772, -0.2773253968253968, 19660.252, 5000.5, 0.2891156462585034 
2.2908676527677727, -143.178, -0.28408333333333335, 20635.402, 2256.5, 0.1326530612244898 
2.1877616239495525, -146.6, -0.29087301587301584, 21637.488, 2967.5, 0.1326530612244898 
2.089296130854039, -148.26, -0.29416666666666663, 22118.564, 2632.0, 0.12585034013605442 
1.9952623149688797, -152.982, -0.3035357142857143, 23561.494, 5000.5, 0.24829931972789115 
1.9054607179632475, -156.062, -0.3096468253968254, 24482.406, 5000.5, 0.24149659863945577 
1.8197008586099837, -157.15, -0.31180555555555556, 24842.286, 3603.5, 0.12585034013605442 
1.7378008287493754, -162.37, -0.3221626984126984, 26496.558, 2698.5, 0.1326530612244898 
1.6595869074375604, -169.33, -0.3359722222222222, 28865.502, 5000.5, 0.21428571428571427 
1.5848931924611134, -176.204, -0.34961111111111115, 31323.092, 5000.5, 0.25170068027210885 
1.5135612484362082, -180.99, -0.3591071428571429, 33031.134, 5000.5, 0.336734693877551 
1.4454397707459277, -188.708, -0.37442063492063493, 35912.652, 5000.5, 0.48639455782312924 
1.380384264602885, -212.946, -0.42251190476190476, 45546.89, 5000.5, 0.27210884353741494 
1.318256738556407, -218.122, -0.4327817460317461, 47759.214, 5000.5, 0.36734693877551017 
1.2589254117941673, -209.524, -0.4157222222222222, 44024.788, 5000.5, 0.5782312925170068 
1.202264434617413, -227.832, -0.45204761904761903, 51990.912, 5000.5, 0.8945578231292517 
1.148153621496883, -238.444, -0.4731031746031746, 56919.952, 5000.5, 0.629251700680272 
1.096478196143185, -222.616, -0.4416984126984127, 49606.424, 5000.5, 0.8061224489795918 
1.0471285480508996, -234.138, -0.4645595238095238, 54847.222, 5000.5, 1.0 
1.0, -241.188, -0.478547619047619, 58202.928, 5000.5, 0.6972789115646258 
0.9549925860214359, -247.49, -0.4910515873015873, 61252.738, 5000.5, 1.0 
0.9120108393559097, -246.352, -0.4887936507936508, 60690.752, 5000.5, 1.0 
0.8709635899560806, -246.708, -0.4895, 60868.6, 5000.5, 1.0 
0.8317637711026709, -241.364, -0.47889682539682543, 58259.128, 5000.5, 1.0 
0.7943282347242814, -244.676, -0.48546825396825394, 59866.928, 5000.5, 1.0 
0.7585775750291835, -247.692, -0.491452380952381, 61351.852, 5000.5, 1.0 
0.7244359600749903, -246.7, -0.48948412698412697, 60862.272, 5000.5, 0.9081632653061225 
0.6918309709189365, -245.64, -0.48738095238095236, 60339.884, 5000.5, 1.0 
0.6606934480075961, -246.65, -0.4893849206349207, 60837.746, 5000.5, 1.0 
0.6309573444801932, -247.238, -0.4905515873015873, 61127.894, 5000.5, 0.9183673469387755 
0.6025595860743578, -245.906, -0.48790873015873015, 60469.846, 5000.5, 1.0 
0.5754399373371569, -245.916, -0.48792857142857143, 60474.756, 5000.5, 1.0 
0.5495408738576245, -245.942, -0.48798015873015876, 60487.522, 5000.5, 1.0 
0.5248074602497725, -245.922, -0.4879404761904762, 60477.742, 5000.5, 0.9115646258503401 
0.5011872336272722, -245.95, -0.48799603174603173, 60491.45, 5000.5, 1.0 
0.4786300923226383, -245.938, -0.4879722222222222, 60485.558, 5000.5, 0.9115646258503401 
0.4570881896148749, -245.94, -0.48797619047619045, 60486.54, 5000.5, 0.9115646258503401 
0.4365158322401659, -245.954, -0.48800396825396825, 60493.414, 5000.5, 0.9115646258503401 
0.41686938347033553, -245.948, -0.48799206349206353, 60490.468, 5000.5, 0.9115646258503401 
0.3981071705534973, -245.958, -0.48801190476190476, 60495.378, 5000.5, 0.9115646258503401 
0.38018939632056126, -245.948, -0.48799206349206353, 60490.468, 5000.5, 1.0 
0.36307805477010135, -245.978, -0.4880515873015873, 60505.198, 5000.5, 1.0 
0.34673685045253166, -245.968, -0.488031746031746, 60500.288, 5000.5, 1.0 
0.33113112148259116, -245.986, -0.4880674603174603, 60509.126, 5000.5, 1.0 
0.3162277660168379, -245.976, -0.48804761904761906, 60504.216, 5000.5, 1.0 
0.3019951720402016, -245.982, -0.48805952380952383, 60507.162, 5000.5, 1.0 
0.28840315031266056, -245.982, -0.48805952380952383, 60507.162, 5000.5, 1.0 
0.2754228703338166, -245.99, -0.48807539682539686, 60511.09, 5000.5, 1.0 
0.26302679918953814, -245.984, -0.4880634920634921, 60508.144, 5000.5, 1.0 
0.25118864315095796, -245.994, -0.4880833333333333, 60513.054, 5000.5, 0.9115646258503401 
0.23988329190194901, -245.988, -0.48807142857142854, 60510.108, 5000.5, 1.0 
0.22908676527677738, -245.99, -0.48807539682539686, 60511.09, 5000.5, 0.9115646258503401 
0.2187761623949553, -246.0, -0.4880952380952381, 60516.0, 5000.5, 0.9115646258503401 
0.208929613085404, -245.992, -0.48807936507936506, 60512.072, 5000.5, 0.9115646258503401 
0.19952623149688797, -245.996, -0.4880873015873016, 60514.036, 5000.5, 1.0 
0.19054607179632474, -246.0, -0.4880952380952381, 60516.0, 5000.5, 1.0 
0.18197008586099836, -245.998, -0.4880912698412698, 60515.018, 5000.5, 1.0 
0.17378008287493754, -245.998, -0.4880912698412698, 60515.018, 5000.5, 0.9115646258503401 
0.16595869074375605, -245.998, -0.4880912698412698, 60515.018, 5000.5, 1.0 
0.15848931924611134, -246.0, -0.4880952380952381, 60516.0, 5000.5, 1.0 
0.1513561248436208, -246.0, -0.4880952380952381, 60516.0, 5000.5, 1.0 
0.1445439770745927, -246.0, -0.4880952380952381, 60516.0, 5000.5, 1.0 
0.13803842646028847, -246.0, -0.4880952380952381, 60516.0, 5000.5, 0.9115646258503401 
0.13182567385564076, -245.998, -0.4880912698412698, 60515.018, 5000.5, 1.0 
0.12589254117941676, -246.0, -0.4880952380952381, 60516.0, 5000.5, 1.0 
0.12022644346174131, -246.0, -0.4880952380952381, 60516.0, 5000.5, 1.0 
0.1148153621496883, -246.0, -0.4880952380952381, 60516.0, 5000.5, 1.0 
0.1096478196143185, -246.0, -0.4880952380952381, 60516.0, 5000.5, 1.0 
0.10471285480508996, -246.0, -0.4880952380952381, 60516.0, 5000.5, 1.0 
0.1, -246.0, -0.4880952380952381, 60516.0, 5000.5, 1.0 
