Simulation:L=11, P_s=1.0, T_swap=10.0, T_1=10.0, T_0=0.1, N_T=60 
Temperature T, <E>(T), <-E/E_0>(T), <E^2>(T), Relaxation Iterations=tau(T), Accepted Candidates A(T), Final Configuration Correlation Function Value 
10.0, -523.38, -0.19825, 274839.72, 0.0, 0.0, 0.0 
9.261187281287935, -528.46, -0.20017424242424245, 280442.28, 0.0, 0.0, 0.0 
8.576958985908941, -541.28, -0.205030303030303, 293857.68, 0.0, 0.0, 0.0 
7.943282347242815, -551.02, -0.20871969696969697, 304680.44, 0.0, 0.0, 0.0 
7.3564225445964135, -555.36, -0.21036363636363636, 309329.84, 0.0, 0.0, 0.0 
6.812920690579612, -570.46, -0.21608333333333335, 326304.84, 0.0, 0.0, 0.0 
6.3095734448019325, -576.3, -0.21829545454545451, 333129.56, 0.0, 0.0, 0.0 
5.843414133735177, -592.16, -0.22430303030303028, 351643.2, 0.0, 0.0, 0.0 
5.411695265464637, -609.2, -0.23075757575757577, 372070.72, 0.0, 0.0, 0.0 
5.011872336272724, -624.8, -0.23666666666666664, 391530.08, 0.0, 0.0, 0.0 
4.641588833612779, -634.5, -0.24034090909090908, 403598.2, 0.0, 0.0, 0.0 
4.298662347082277, -654.0, -0.24772727272727274, 428990.72, 0.0, 0.0, 0.0 
3.9810717055349727, -684.32, -0.2592121212121212, 469141.92, 0.0, 0.0, 0.0 
3.686945064519575, -707.68, -0.26806060606060605, 502090.88, 0.0, 0.0, 0.0 
3.414548873833602, -732.96, -0.2776363636363636, 538369.12, 0.0, 0.0, 0.0 
3.1622776601683795, -761.22, -0.2883409090909091, 580684.76, 0.0, 0.0, 0.0 
2.9286445646252366, -789.42, -0.2990227272727273, 624761.56, 0.0, 0.0, 0.0 
2.7122725793320286, -840.0, -0.3181818181818182, 707242.8, 0.0, 0.0, 0.0 
2.51188643150958, -898.46, -0.3403257575757576, 809100.2, 0.0, 0.0, 0.0 
2.3263050671536263, -963.14, -0.3648257575757576, 930505.32, 0.0, 0.0, 0.0 
2.154434690031884, -1011.98, -0.3833257575757576, 1.0263582e6, 0.0, 0.0, 0.0 
1.9952623149688797, -1152.56, -0.43657575757575756, 1.33196704e6, 0.0, 0.0, 0.0 
1.8478497974222914, -1338.62, -0.5070530303030303, 1.79609276e6, 0.0, 0.0, 0.0 
1.7113283041617806, -1901.74, -0.7203560606060606, 3.732537e6, 0.0, 0.0, 0.0 
1.5848931924611134, -2580.12, -0.9773181818181818, 6.65735528e6, 0.0, 0.0, 0.0 
1.4677992676220695, -2601.04, -0.9852424242424243, 6.76545984e6, 0.0, 0.0, 0.0 
1.3593563908785256, -2611.72, -0.9892878787878787, 6.82120408e6, 0.0, 0.0, 0.0 
1.2589254117941673, -2638.26, -0.9993409090909092, 6.96045468e6, 0.0, 0.0, 0.0 
1.1659144011798317, -2640.0, -1.0, 6.9696e6, 0.0, 0.0, 0.0 
1.0797751623277096, -2640.0, -1.0, 6.9696e6, 0.0, 0.0, 0.0 
1.0, -2640.0, -1.0, 6.9696e6, 0.0, 0.0, 0.0 
0.9261187281287933, -2640.0, -1.0, 6.9696e6, 0.0, 0.0, 0.0 
0.8576958985908942, -2640.0, -1.0, 6.9696e6, 0.0, 0.0, 0.0 
0.7943282347242814, -2640.0, -1.0, 6.9696e6, 0.0, 0.0, 0.0 
0.7356422544596414, -2640.0, -1.0, 6.9696e6, 0.0, 0.0, 0.0 
0.6812920690579611, -2640.0, -1.0, 6.9696e6, 0.0, 0.0, 0.0 
0.6309573444801932, -2640.0, -1.0, 6.9696e6, 0.0, 0.0, 0.0 
0.5843414133735175, -2640.0, -1.0, 6.9696e6, 0.0, 0.0, 0.0 
0.5411695265464638, -2640.0, -1.0, 6.9696e6, 0.0, 0.0, 0.0 
0.5011872336272722, -2640.0, -1.0, 6.9696e6, 0.0, 0.0, 0.0 
0.464158883361278, -2640.0, -1.0, 6.9696e6, 0.0, 0.0, 0.0 
0.42986623470822766, -2640.0, -1.0, 6.9696e6, 0.0, 0.0, 0.0 
0.3981071705534973, -2640.0, -1.0, 6.9696e6, 0.0, 0.0, 0.0 
0.36869450645195756, -2640.0, -1.0, 6.9696e6, 0.0, 0.0, 0.0 
0.3414548873833603, -2640.0, -1.0, 6.9696e6, 0.0, 0.0, 0.0 
0.3162277660168379, -2640.0, -1.0, 6.9696e6, 0.0, 0.0, 0.0 
0.29286445646252357, -2640.0, -1.0, 6.9696e6, 0.0, 0.0, 0.0 
0.27122725793320285, -2640.0, -1.0, 6.9696e6, 0.0, 0.0, 0.0 
0.25118864315095796, -2640.0, -1.0, 6.9696e6, 0.0, 0.0, 0.0 
0.23263050671536264, -2640.0, -1.0, 6.9696e6, 0.0, 0.0, 0.0 
0.21544346900318834, -2640.0, -1.0, 6.9696e6, 0.0, 0.0, 0.0 
0.19952623149688797, -2640.0, -1.0, 6.9696e6, 0.0, 0.0, 0.0 
0.18478497974222907, -2640.0, -1.0, 6.9696e6, 0.0, 0.0, 0.0 
0.1711328304161781, -2640.0, -1.0, 6.9696e6, 0.0, 0.0, 0.0 
0.15848931924611134, -2640.0, -1.0, 6.9696e6, 0.0, 0.0, 0.0 
0.14677992676220697, -2640.0, -1.0, 6.9696e6, 0.0, 0.0, 0.0 
0.13593563908785256, -2640.0, -1.0, 6.9696e6, 0.0, 0.0, 0.0 
0.12589254117941676, -2640.0, -1.0, 6.9696e6, 0.0, 0.0, 0.0 
0.11659144011798317, -2640.0, -1.0, 6.9696e6, 0.0, 0.0, 0.0 
0.10797751623277099, -2640.0, -1.0, 6.9696e6, 0.0, 0.0, 0.0 
0.1, -2640.0, -1.0, 6.9696e6, 0.0, 0.0, 0.0 
