Simulation:L=5, P_s=0.0, T_swap=3.0, T_1=10.0, T_0=0.1, N_T=100 
Temperature T, <E>(T), <-E/E_0>(T), <E^2>(T), Relaxation Iterations=tau(T), Accepted Candidates A(T), Final Configuration Correlation Function Value 
10.0, -115.0, -0.23958333333333334, 13480.608, 5000.5, 3344.0, 0.29333333333333333 
9.54992586021436, -113.66, -0.23679166666666665, 13171.864, 5000.5, 3324.5, 0.26 
9.120108393559098, -114.224, -0.2379666666666667, 13292.176, 5000.5, 3176.0, 0.18666666666666668 
8.709635899560807, -118.184, -0.24621666666666667, 14271.072, 5000.5, 3118.0, 0.2733333333333334 
8.317637711026709, -118.548, -0.246975, 14361.48, 5000.5, 3037.5, 0.18666666666666668 
7.943282347242815, -118.916, -0.24774166666666667, 14450.136, 5000.5, 2886.5, 0.28 
7.5857757502918375, -122.628, -0.255475, 15330.088, 5000.5, 2746.5, 0.3066666666666667 
7.2443596007499, -124.52, -0.2594166666666667, 15810.336, 5000.5, 2681.0, 0.19333333333333336 
6.918309709189366, -125.304, -0.26105, 15990.464, 5000.5, 2662.0, 0.26666666666666666 
6.60693448007596, -123.844, -0.25800833333333334, 15641.08, 5000.5, 2514.0, 0.2733333333333334 
6.3095734448019325, -126.02, -0.2625416666666667, 16166.248, 5000.5, 2483.0, 0.18000000000000002 
6.025595860743578, -131.168, -0.27326666666666666, 17511.632, 5000.5, 2330.0, 0.18000000000000002 
5.7543993733715695, -132.088, -0.27518333333333334, 17752.784, 5000.5, 2193.0, 0.32 
5.495408738576245, -134.16, -0.27949999999999997, 18303.376, 5000.5, 1968.0, 0.26 
5.248074602497725, -134.328, -0.27985, 18354.016, 5000.5, 2026.0, 0.16 
5.011872336272724, -136.592, -0.2845666666666667, 18961.296, 5000.5, 1806.0, 0.24000000000000002 
4.786300923226383, -139.6, -0.29083333333333333, 19797.936, 5000.5, 1765.5, 0.17333333333333334 
4.57088189614875, -142.432, -0.2967333333333333, 20621.104, 5000.5, 1685.0, 0.26666666666666666 
4.36515832240166, -148.312, -0.30898333333333333, 22320.096, 5000.5, 1451.5, 0.31333333333333335 
4.168693834703355, -153.584, -0.3199666666666667, 23910.944, 5000.5, 1303.0, 0.25333333333333335 
3.9810717055349727, -156.284, -0.32559166666666667, 24782.248, 5000.5, 1285.5, 0.2066666666666667 
3.801893963205612, -157.82, -0.32879166666666665, 25243.672, 5000.5, 1074.0, 0.2866666666666667 
3.6307805477010135, -158.0, -0.32916666666666666, 25247.744, 5000.5, 1118.5, 0.26 
3.467368504525316, -161.68, -0.3368333333333334, 26424.08, 5000.5, 973.0, 0.23333333333333334 
3.311311214825911, -170.324, -0.35484166666666667, 29319.848, 5000.5, 660.0, 0.3666666666666667 
3.1622776601683795, -175.02, -0.36462500000000003, 31043.176, 5000.5, 796.5, 0.31333333333333335 
3.019951720402016, -176.548, -0.36780833333333335, 31697.112, 5000.5, 495.5, 0.5533333333333333 
2.8840315031266055, -191.296, -0.3985333333333333, 37096.304, 5000.5, 678.5, 0.28 
2.7542287033381663, -188.756, -0.39324166666666666, 36089.192, 5000.5, 539.5, 0.43333333333333335 
2.6302679918953817, -223.464, -0.46555, 50705.6, 5000.5, 455.0, 0.38 
2.51188643150958, -232.464, -0.4843, 54492.56, 5000.5, 190.5, 0.7466666666666667 
2.3988329190194904, -225.744, -0.4703, 51301.088, 5000.5, 122.5, 0.9333333333333333 
2.2908676527677727, -270.908, -0.5643916666666667, 73787.224, 5000.5, 277.0, 0.6733333333333333 
2.1877616239495525, -279.7, -0.5827083333333333, 78288.36, 5000.5, 12.0, 1.0 
2.089296130854039, -286.62, -0.597125, 82207.048, 5000.5, 90.0, 0.8133333333333334 
1.9952623149688797, -303.176, -0.6316166666666666, 91931.504, 5000.5, 0.0, 1.0 
1.9054607179632475, -294.544, -0.6136333333333333, 86804.096, 5000.5, 13.0, 1.0 
1.8197008586099837, -299.528, -0.6240166666666667, 89730.144, 5000.5, 3.0, 1.0 
1.7378008287493754, -303.9, -0.6331249999999999, 92356.456, 5000.5, 2.0, 1.0 
1.6595869074375604, -304.0, -0.6333333333333333, 92416.0, 5000.5, 0.0, 1.0 
1.5848931924611134, -303.936, -0.6332, 92378.128, 5000.5, 0.0, 1.0 
1.5135612484362082, -303.976, -0.6332833333333333, 92401.696, 5000.5, 2.0, 1.0 
1.4454397707459277, -304.0, -0.6333333333333333, 92416.0, 5000.5, 0.0, 1.0 
1.380384264602885, -304.0, -0.6333333333333333, 92416.0, 5000.5, 0.0, 1.0 
1.318256738556407, -304.0, -0.6333333333333333, 92416.0, 5000.5, 0.0, 1.0 
1.2589254117941673, -304.0, -0.6333333333333333, 92416.0, 5000.5, 0.0, 1.0 
1.202264434617413, -304.0, -0.6333333333333333, 92416.0, 5000.5, 0.0, 1.0 
1.148153621496883, -304.0, -0.6333333333333333, 92416.0, 5000.5, 0.0, 1.0 
1.096478196143185, -304.0, -0.6333333333333333, 92416.0, 5000.5, 0.0, 1.0 
1.0471285480508996, -304.0, -0.6333333333333333, 92416.0, 5000.5, 0.0, 1.0 
1.0, -304.0, -0.6333333333333333, 92416.0, 5000.5, 0.0, 1.0 
0.9549925860214359, -304.0, -0.6333333333333333, 92416.0, 5000.5, 0.0, 1.0 
0.9120108393559097, -304.0, -0.6333333333333333, 92416.0, 5000.5, 0.0, 1.0 
0.8709635899560806, -304.0, -0.6333333333333333, 92416.0, 5000.5, 0.0, 1.0 
0.8317637711026709, -304.0, -0.6333333333333333, 92416.0, 5000.5, 0.0, 1.0 
0.7943282347242814, -304.0, -0.6333333333333333, 92416.0, 5000.5, 0.0, 1.0 
0.7585775750291835, -304.0, -0.6333333333333333, 92416.0, 5000.5, 0.0, 1.0 
0.7244359600749903, -304.0, -0.6333333333333333, 92416.0, 5000.5, 0.0, 1.0 
0.6918309709189365, -304.0, -0.6333333333333333, 92416.0, 5000.5, 0.0, 1.0 
0.6606934480075961, -304.0, -0.6333333333333333, 92416.0, 5000.5, 0.0, 1.0 
0.6309573444801932, -304.0, -0.6333333333333333, 92416.0, 5000.5, 0.0, 1.0 
0.6025595860743578, -304.0, -0.6333333333333333, 92416.0, 5000.5, 0.0, 1.0 
0.5754399373371569, -304.0, -0.6333333333333333, 92416.0, 5000.5, 0.0, 1.0 
0.5495408738576245, -304.0, -0.6333333333333333, 92416.0, 5000.5, 0.0, 1.0 
0.5248074602497725, -304.0, -0.6333333333333333, 92416.0, 5000.5, 0.0, 1.0 
0.5011872336272722, -304.0, -0.6333333333333333, 92416.0, 5000.5, 0.0, 1.0 
0.4786300923226383, -304.0, -0.6333333333333333, 92416.0, 5000.5, 0.0, 1.0 
0.4570881896148749, -304.0, -0.6333333333333333, 92416.0, 5000.5, 0.0, 1.0 
0.4365158322401659, -304.0, -0.6333333333333333, 92416.0, 5000.5, 0.0, 1.0 
0.41686938347033553, -304.0, -0.6333333333333333, 92416.0, 5000.5, 0.0, 1.0 
0.3981071705534973, -304.0, -0.6333333333333333, 92416.0, 5000.5, 0.0, 1.0 
0.38018939632056126, -304.0, -0.6333333333333333, 92416.0, 5000.5, 0.0, 1.0 
0.36307805477010135, -304.0, -0.6333333333333333, 92416.0, 5000.5, 0.0, 1.0 
0.34673685045253166, -304.0, -0.6333333333333333, 92416.0, 5000.5, 0.0, 1.0 
0.33113112148259116, -304.0, -0.6333333333333333, 92416.0, 5000.5, 0.0, 1.0 
0.3162277660168379, -304.0, -0.6333333333333333, 92416.0, 5000.5, 0.0, 1.0 
0.3019951720402016, -304.0, -0.6333333333333333, 92416.0, 5000.5, 0.0, 1.0 
0.28840315031266056, -304.0, -0.6333333333333333, 92416.0, 5000.5, 0.0, 1.0 
0.2754228703338166, -304.0, -0.6333333333333333, 92416.0, 5000.5, 0.0, 1.0 
0.26302679918953814, -304.0, -0.6333333333333333, 92416.0, 5000.5, 0.0, 1.0 
0.25118864315095796, -304.0, -0.6333333333333333, 92416.0, 5000.5, 0.0, 1.0 
0.23988329190194901, -304.0, -0.6333333333333333, 92416.0, 5000.5, 0.0, 1.0 
0.22908676527677738, -304.0, -0.6333333333333333, 92416.0, 5000.5, 0.0, 1.0 
0.2187761623949553, -304.0, -0.6333333333333333, 92416.0, 5000.5, 0.0, 1.0 
0.208929613085404, -304.0, -0.6333333333333333, 92416.0, 5000.5, 0.0, 1.0 
0.19952623149688797, -304.0, -0.6333333333333333, 92416.0, 5000.5, 0.0, 1.0 
0.19054607179632474, -304.0, -0.6333333333333333, 92416.0, 5000.5, 0.0, 1.0 
0.18197008586099836, -304.0, -0.6333333333333333, 92416.0, 5000.5, 0.0, 1.0 
0.17378008287493754, -304.0, -0.6333333333333333, 92416.0, 5000.5, 0.0, 1.0 
0.16595869074375605, -304.0, -0.6333333333333333, 92416.0, 5000.5, 0.0, 1.0 
0.15848931924611134, -304.0, -0.6333333333333333, 92416.0, 5000.5, 0.0, 1.0 
0.1513561248436208, -304.0, -0.6333333333333333, 92416.0, 5000.5, 0.0, 1.0 
0.1445439770745927, -304.0, -0.6333333333333333, 92416.0, 5000.5, 0.0, 1.0 
0.13803842646028847, -304.0, -0.6333333333333333, 92416.0, 5000.5, 0.0, 1.0 
0.13182567385564076, -304.0, -0.6333333333333333, 92416.0, 5000.5, 0.0, 1.0 
0.12589254117941676, -304.0, -0.6333333333333333, 92416.0, 5000.5, 0.0, 1.0 
0.12022644346174131, -304.0, -0.6333333333333333, 92416.0, 5000.5, 0.0, 1.0 
0.1148153621496883, -304.0, -0.6333333333333333, 92416.0, 5000.5, 0.0, 1.0 
0.1096478196143185, -304.0, -0.6333333333333333, 92416.0, 5000.5, 0.0, 1.0 
0.10471285480508996, -304.0, -0.6333333333333333, 92416.0, 5000.5, 0.0, 1.0 
0.1, -304.0, -0.6333333333333333, 92416.0, 5000.5, 0.0, 1.0 
