Simulation:L=5, P_s=0.01, T_swap=3.0, T_1=10.0, T_0=0.1, N_T=100 
Temperature T, <E>(T), <-E/E_0>(T), <E^2>(T), Relaxation Iterations=tau(T), Accepted Candidates A(T), Final Configuration Correlation Function Value 
10.0, -112.952, -0.23531666666666667, 13017.36, 5000.5, 3411.5, 0.22666666666666668 
9.54992586021436, -115.036, -0.23965833333333333, 13496.728, 5000.5, 3380.0, 0.24666666666666667 
9.120108393559098, -113.56, -0.23658333333333334, 13146.56, 5000.5, 3166.5, 0.26666666666666666 
8.709635899560807, -116.664, -0.24305000000000002, 13865.76, 5000.5, 3185.5, 0.2733333333333334 
8.317637711026709, -117.92, -0.24566666666666667, 14160.976, 5000.5, 2968.0, 0.2066666666666667 
7.943282347242815, -118.236, -0.24632500000000002, 14215.704, 5000.5, 2866.0, 0.2733333333333334 
7.5857757502918375, -120.86, -0.2517916666666667, 14870.504, 5000.5, 2852.0, 0.2066666666666667 
7.2443596007499, -123.584, -0.2574666666666667, 15550.08, 5000.5, 2804.5, 0.23333333333333334 
6.918309709189366, -123.632, -0.25756666666666667, 15529.696, 5000.5, 2619.5, 0.22666666666666668 
6.60693448007596, -124.592, -0.25956666666666667, 15862.992, 5000.5, 2572.0, 0.17333333333333334 
6.3095734448019325, -128.22, -0.267125, 16753.976, 5000.5, 2482.5, 0.30000000000000004 
6.025595860743578, -129.168, -0.2691, 17012.688, 5000.5, 2280.5, 0.22 
5.7543993733715695, -131.42, -0.27379166666666666, 17541.016, 5000.5, 2139.0, 0.30000000000000004 
5.495408738576245, -136.252, -0.2838583333333334, 18887.048, 5000.5, 2125.0, 0.29333333333333333 
5.248074602497725, -137.076, -0.28557499999999997, 19050.072, 5000.5, 1902.5, 0.3466666666666667 
5.011872336272724, -142.588, -0.2970583333333333, 20622.808, 5000.5, 1879.0, 0.2066666666666667 
4.786300923226383, -139.876, -0.2914083333333333, 19881.704, 5000.5, 1578.0, 0.16 
4.57088189614875, -140.212, -0.2921083333333333, 19947.384, 5000.5, 1651.5, 0.29333333333333333 
4.36515832240166, -144.104, -0.3002166666666667, 21039.84, 5000.5, 1543.5, 0.25333333333333335 
4.168693834703355, -148.316, -0.30899166666666666, 22278.888, 5000.5, 1419.5, 0.32666666666666666 
3.9810717055349727, -158.108, -0.3293916666666667, 25434.696, 5000.5, 1092.0, 0.33333333333333337 
3.801893963205612, -158.244, -0.329675, 25390.056, 5000.5, 1287.0, 0.32 
3.6307805477010135, -162.408, -0.33835, 26706.608, 5000.5, 799.5, 0.2866666666666667 
3.467368504525316, -162.004, -0.3375083333333333, 26528.776, 5000.5, 991.5, 0.3066666666666667 
3.311311214825911, -171.16, -0.3565833333333333, 29613.552, 5000.5, 827.0, 0.3066666666666667 
3.1622776601683795, -169.908, -0.353975, 29210.168, 5000.5, 618.0, 0.4133333333333334 
3.019951720402016, -176.716, -0.36815833333333337, 31676.008, 5000.5, 758.0, 0.24000000000000002 
2.8840315031266055, -135.02, -0.28129166666666666, 18471.528, 5000.5, 915.5, 0.2733333333333334 
2.7542287033381663, -140.616, -0.29295000000000004, 19982.512, 5000.5, 1221.5, 0.32 
2.6302679918953817, -138.76, -0.2890833333333333, 19451.072, 5000.5, 1051.0, 0.26666666666666666 
2.51188643150958, -144.408, -0.30084999999999995, 21046.208, 5000.5, 975.5, 0.2 
2.3988329190194904, -151.144, -0.31488333333333335, 23060.928, 5000.5, 912.0, 0.23333333333333334 
2.2908676527677727, -154.96, -0.32283333333333336, 24275.232, 5000.5, 732.0, 0.33333333333333337 
2.1877616239495525, -161.112, -0.33565, 26170.944, 5000.5, 718.0, 0.28 
2.089296130854039, -164.508, -0.342725, 27413.816, 5000.5, 748.0, 0.26 
1.9952623149688797, -169.496, -0.3531166666666667, 29055.872, 5000.5, 300.0, 0.24000000000000002 
1.9054607179632475, -192.896, -0.40186666666666665, 37813.744, 5000.5, 197.0, 0.6466666666666667 
1.8197008586099837, -203.452, -0.42385833333333334, 41935.704, 5000.5, 284.0, 0.4066666666666667 
1.7378008287493754, -231.596, -0.48249166666666665, 54366.168, 5000.5, 224.5, 0.4733333333333334 
1.6595869074375604, -259.608, -0.54085, 67919.248, 5000.5, 142.5, 0.7133333333333334 
1.5848931924611134, -245.072, -0.5105666666666667, 60923.424, 5000.5, 56.5, 0.76 
1.5135612484362082, -318.06, -0.662625, 101467.992, 5000.5, 8.0, 0.92 
1.4454397707459277, -342.324, -0.713175, 117227.688, 5000.5, 1.5, 0.9600000000000001 
1.380384264602885, -343.888, -0.7164333333333333, 118398.608, 5000.5, 3.0, 1.0 
1.318256738556407, -346.472, -0.7218166666666667, 120167.024, 5000.5, 0.5, 1.0 
1.2589254117941673, -363.26, -0.7567916666666666, 131981.416, 5000.5, 1.0, 1.0 
1.202264434617413, -388.02, -0.808375, 150627.72, 5000.5, 27.5, 1.0 
1.148153621496883, -389.812, -0.8121083333333333, 151960.136, 5000.5, 0.0, 1.0 
1.096478196143185, -398.388, -0.8299749999999999, 158716.248, 5000.5, 0.0, 1.0 
1.0471285480508996, -398.164, -0.8295083333333333, 158541.768, 5000.5, 0.0, 1.0 
1.0, -398.196, -0.8295750000000001, 158567.016, 5000.5, 0.0, 1.0 
0.9549925860214359, -396.128, -0.8252666666666666, 156932.464, 5000.5, 0.5, 1.0 
0.9120108393559097, -400.0, -0.8333333333333334, 160000.0, 5000.5, 0.0, 1.0 
0.8709635899560806, -399.944, -0.8332166666666667, 159955.424, 5000.5, 0.0, 1.0 
0.8317637711026709, -399.896, -0.8331166666666667, 159917.536, 5000.5, 0.0, 1.0 
0.7943282347242814, -398.256, -0.8297, 158608.672, 5000.5, 0.0, 1.0 
0.7585775750291835, -399.212, -0.8316916666666666, 159373.08, 5000.5, 0.0, 1.0 
0.7244359600749903, -399.66, -0.8326250000000001, 159729.24, 5000.5, 0.5, 1.0 
0.6918309709189365, -399.88, -0.8330833333333333, 159904.24, 5000.5, 0.5, 1.0 
0.6606934480075961, -400.0, -0.8333333333333334, 160000.0, 5000.5, 0.0, 1.0 
0.6309573444801932, -400.0, -0.8333333333333334, 160000.0, 5000.5, 0.0, 1.0 
0.6025595860743578, -400.0, -0.8333333333333334, 160000.0, 5000.5, 0.0, 1.0 
0.5754399373371569, -400.0, -0.8333333333333334, 160000.0, 5000.5, 0.5, 1.0 
0.5495408738576245, -400.0, -0.8333333333333334, 160000.0, 5000.5, 0.0, 1.0 
0.5248074602497725, -400.0, -0.8333333333333334, 160000.0, 5000.5, 0.0, 1.0 
0.5011872336272722, -400.0, -0.8333333333333334, 160000.0, 5000.5, 0.0, 1.0 
0.4786300923226383, -400.0, -0.8333333333333334, 160000.0, 5000.5, 0.0, 1.0 
0.4570881896148749, -399.652, -0.8326083333333333, 159722.296, 5000.5, 0.5, 1.0 
0.4365158322401659, -400.0, -0.8333333333333334, 160000.0, 5000.5, 0.5, 1.0 
0.41686938347033553, -399.852, -0.8330249999999999, 159881.896, 5000.5, 0.0, 1.0 
0.3981071705534973, -399.752, -0.8328166666666666, 159802.096, 5000.5, 0.0, 1.0 
0.38018939632056126, -400.0, -0.8333333333333334, 160000.0, 5000.5, 0.0, 1.0 
0.36307805477010135, -400.0, -0.8333333333333334, 160000.0, 5000.5, 0.0, 1.0 
0.34673685045253166, -400.0, -0.8333333333333334, 160000.0, 5000.5, 0.0, 1.0 
0.33113112148259116, -400.0, -0.8333333333333334, 160000.0, 5000.5, 0.0, 1.0 
0.3162277660168379, -400.0, -0.8333333333333334, 160000.0, 5000.5, 0.0, 1.0 
0.3019951720402016, -400.0, -0.8333333333333334, 160000.0, 5000.5, 0.0, 1.0 
0.28840315031266056, -400.0, -0.8333333333333334, 160000.0, 5000.5, 0.0, 1.0 
0.2754228703338166, -400.0, -0.8333333333333334, 160000.0, 5000.5, 0.0, 1.0 
0.26302679918953814, -400.0, -0.8333333333333334, 160000.0, 5000.5, 0.0, 1.0 
0.25118864315095796, -400.0, -0.8333333333333334, 160000.0, 5000.5, 0.5, 1.0 
0.23988329190194901, -400.0, -0.8333333333333334, 160000.0, 5000.5, 0.0, 1.0 
0.22908676527677738, -400.0, -0.8333333333333334, 160000.0, 5000.5, 0.0, 1.0 
0.2187761623949553, -400.0, -0.8333333333333334, 160000.0, 5000.5, 0.0, 1.0 
0.208929613085404, -400.0, -0.8333333333333334, 160000.0, 5000.5, 0.5, 1.0 
0.19952623149688797, -400.0, -0.8333333333333334, 160000.0, 5000.5, 0.0, 1.0 
0.19054607179632474, -400.0, -0.8333333333333334, 160000.0, 5000.5, 0.0, 1.0 
0.18197008586099836, -400.0, -0.8333333333333334, 160000.0, 5000.5, 0.0, 1.0 
0.17378008287493754, -400.0, -0.8333333333333334, 160000.0, 5000.5, 0.0, 1.0 
0.16595869074375605, -400.0, -0.8333333333333334, 160000.0, 5000.5, 0.0, 1.0 
0.15848931924611134, -400.0, -0.8333333333333334, 160000.0, 5000.5, 0.5, 1.0 
0.1513561248436208, -400.0, -0.8333333333333334, 160000.0, 5000.5, 0.5, 1.0 
0.1445439770745927, -400.0, -0.8333333333333334, 160000.0, 5000.5, 0.5, 1.0 
0.13803842646028847, -400.0, -0.8333333333333334, 160000.0, 5000.5, 0.0, 1.0 
0.13182567385564076, -400.0, -0.8333333333333334, 160000.0, 5000.5, 0.0, 1.0 
0.12589254117941676, -400.0, -0.8333333333333334, 160000.0, 5000.5, 0.0, 1.0 
0.12022644346174131, -400.0, -0.8333333333333334, 160000.0, 5000.5, 0.0, 1.0 
0.1148153621496883, -400.0, -0.8333333333333334, 160000.0, 5000.5, 0.5, 1.0 
0.1096478196143185, -400.0, -0.8333333333333334, 160000.0, 5000.5, 0.0, 1.0 
0.10471285480508996, -400.0, -0.8333333333333334, 160000.0, 5000.5, 0.0, 1.0 
0.1, -400.0, -0.8333333333333334, 160000.0, 5000.5, 0.0, 1.0 
