Simulation:L=5, P_s=1.0, T_swap=3.0, T_1=10.0, T_0=0.1, N_T=100 
Temperature T, <E>(T), <-E/E_0>(T), <E^2>(T), Relaxation Iterations=tau(T), Accepted Candidates A(T), Final Configuration Correlation Function Value 
10.0, -112.02, -0.233375, 12815.928, 5000.5, 3352.5, 0.21333333333333335 
9.54992586021436, -116.252, -0.24219166666666667, 13775.432, 5000.5, 3266.5, 0.28 
9.120108393559098, -115.94, -0.24154166666666665, 13703.16, 5000.5, 3167.5, 0.2066666666666667 
8.709635899560807, -117.188, -0.24414166666666667, 13953.144, 5000.5, 3131.0, 0.21333333333333335 
8.317637711026709, -116.36, -0.24241666666666667, 13869.568, 5000.5, 2947.0, 0.25333333333333335 
7.943282347242815, -117.636, -0.245075, 14090.328, 5000.5, 2880.5, 0.2066666666666667 
7.5857757502918375, -121.164, -0.252425, 14941.464, 5000.5, 2807.0, 0.17333333333333334 
7.2443596007499, -120.044, -0.25009166666666666, 14686.104, 5000.5, 2786.5, 0.2 
6.918309709189366, -125.056, -0.26053333333333334, 15946.16, 5000.5, 2742.5, 0.26 
6.60693448007596, -126.86, -0.26429166666666665, 16373.512, 5000.5, 2543.0, 0.26 
6.3095734448019325, -127.032, -0.26465, 16434.688, 5000.5, 2440.0, 0.26666666666666666 
6.025595860743578, -129.576, -0.26994999999999997, 17076.432, 5000.5, 2238.0, 0.26 
5.7543993733715695, -130.372, -0.27160833333333334, 17254.856, 5000.5, 2230.0, 0.24666666666666667 
5.495408738576245, -131.668, -0.2743083333333333, 17653.256, 5000.5, 2002.5, 0.25333333333333335 
5.248074602497725, -134.908, -0.2810583333333333, 18490.792, 5000.5, 2017.5, 0.22 
5.011872336272724, -138.588, -0.288725, 19553.352, 5000.5, 1874.0, 0.2 
4.786300923226383, -143.048, -0.29801666666666665, 20769.92, 5000.5, 1765.0, 0.30000000000000004 
4.57088189614875, -143.448, -0.29885, 20921.904, 5000.5, 1787.0, 0.24000000000000002 
4.36515832240166, -147.764, -0.3078416666666667, 22165.176, 5000.5, 1499.5, 0.2066666666666667 
4.168693834703355, -145.948, -0.3040583333333334, 21622.936, 5000.5, 1457.5, 0.35333333333333333 
3.9810717055349727, -152.52, -0.31775000000000003, 23528.08, 5000.5, 1455.0, 0.34 
3.801893963205612, -156.392, -0.32581666666666664, 24802.16, 5000.5, 1051.0, 0.2866666666666667 
3.6307805477010135, -161.124, -0.335675, 26372.456, 5000.5, 1035.5, 0.32 
3.467368504525316, -164.828, -0.34339166666666665, 27463.432, 5000.5, 896.5, 0.38 
3.311311214825911, -168.404, -0.35084166666666666, 28682.152, 5000.5, 848.5, 0.31333333333333335 
3.1622776601683795, -175.428, -0.365475, 31084.264, 5000.5, 495.5, 0.2733333333333334 
3.019951720402016, -175.908, -0.366475, 31261.048, 5000.5, 628.0, 0.4733333333333334 
2.8840315031266055, -140.044, -0.29175833333333334, 19853.992, 5000.5, 2069.5, 0.2 
2.7542287033381663, -141.16, -0.2940833333333333, 20178.576, 5000.5, 2003.0, 0.2 
2.6302679918953817, -147.172, -0.3066083333333333, 21922.712, 5000.5, 1872.5, 0.18000000000000002 
2.51188643150958, -151.676, -0.3159916666666666, 23284.232, 5000.5, 1871.5, 0.22666666666666668 
2.3988329190194904, -154.5, -0.321875, 24179.976, 5000.5, 1500.5, 0.22 
2.2908676527677727, -159.044, -0.3313416666666667, 25613.4, 5000.5, 1362.0, 0.16 
2.1877616239495525, -168.916, -0.3519083333333333, 28759.032, 5000.5, 1304.0, 0.21333333333333335 
2.089296130854039, -174.736, -0.3640333333333333, 30887.84, 5000.5, 1056.0, 0.16666666666666669 
1.9952623149688797, -184.788, -0.384975, 34496.984, 5000.5, 1182.0, 0.24000000000000002 
1.9054607179632475, -192.932, -0.40194166666666664, 37608.136, 5000.5, 865.0, 0.24000000000000002 
1.8197008586099837, -198.052, -0.4126083333333333, 39654.984, 5000.5, 802.0, 0.22666666666666668 
1.7378008287493754, -220.8, -0.46, 49410.048, 5000.5, 486.0, 0.32666666666666666 
1.6595869074375604, -258.8, -0.5391666666666667, 68332.72, 5000.5, 377.0, 0.26666666666666666 
1.5848931924611134, -293.132, -0.6106916666666666, 87688.312, 5000.5, 178.0, 0.6466666666666667 
1.5135612484362082, -322.348, -0.6715583333333334, 104673.464, 5000.5, 243.5, 0.46 
1.4454397707459277, -344.204, -0.7170916666666667, 118767.864, 5000.5, 129.5, 0.68 
1.380384264602885, -349.832, -0.7288166666666667, 122668.416, 5000.5, 74.5, 0.64 
1.318256738556407, -361.328, -0.7527666666666666, 130730.96, 5000.5, 76.0, 0.76 
1.2589254117941673, -366.832, -0.7642333333333333, 134692.4, 5000.5, 37.5, 0.9 
1.202264434617413, -369.332, -0.7694416666666667, 136513.72, 5000.5, 46.5, 0.8266666666666668 
1.148153621496883, -372.464, -0.7759666666666667, 138784.096, 5000.5, 34.5, 0.8066666666666668 
1.096478196143185, -375.892, -0.7831083333333333, 141342.264, 5000.5, 50.5, 0.8600000000000001 
1.0471285480508996, -374.944, -0.7811333333333333, 140625.968, 5000.5, 39.5, 0.8933333333333334 
1.0, -380.792, -0.7933166666666666, 145029.184, 5000.5, 21.5, 0.9 
0.9549925860214359, -383.764, -0.7995083333333334, 147301.864, 5000.5, 13.0, 1.0 
0.9120108393559097, -386.692, -0.8056083333333334, 149550.072, 5000.5, 20.0, 0.9866666666666667 
0.8709635899560806, -381.884, -0.7955916666666667, 145862.12, 5000.5, 22.0, 0.9400000000000001 
0.8317637711026709, -387.864, -0.8080499999999999, 150446.112, 5000.5, 18.5, 0.9866666666666667 
0.7943282347242814, -383.5, -0.7989583333333333, 147082.632, 5000.5, 14.0, 0.9533333333333334 
0.7585775750291835, -387.552, -0.8074, 150203.104, 5000.5, 20.0, 0.9733333333333334 
0.7244359600749903, -388.652, -0.8096916666666666, 151053.72, 5000.5, 16.0, 0.9866666666666667 
0.6918309709189365, -389.344, -0.8111333333333334, 151590.96, 5000.5, 19.0, 1.0 
0.6606934480075961, -389.632, -0.8117333333333333, 151813.968, 5000.5, 15.5, 1.0 
0.6309573444801932, -389.568, -0.8116, 151764.24, 5000.5, 17.0, 1.0 
0.6025595860743578, -389.616, -0.8117, 151801.664, 5000.5, 19.0, 1.0 
0.5754399373371569, -389.576, -0.8116166666666668, 151770.544, 5000.5, 19.5, 1.0 
0.5495408738576245, -389.604, -0.8116749999999999, 151792.04, 5000.5, 20.0, 1.0 
0.5248074602497725, -389.872, -0.8122333333333334, 152000.416, 5000.5, 16.0, 1.0 
0.5011872336272722, -389.928, -0.81235, 152043.984, 5000.5, 18.5, 1.0 
0.4786300923226383, -389.74, -0.8119583333333333, 151897.752, 5000.5, 27.0, 1.0 
0.4570881896148749, -389.912, -0.8123166666666666, 152031.536, 5000.5, 18.0, 1.0 
0.4365158322401659, -389.832, -0.81215, 151969.408, 5000.5, 17.5, 1.0 
0.41686938347033553, -389.908, -0.8123083333333334, 152028.424, 5000.5, 21.5, 1.0 
0.3981071705534973, -389.968, -0.8124333333333333, 152075.104, 5000.5, 15.0, 1.0 
0.38018939632056126, -389.98, -0.8124583333333334, 152084.44, 5000.5, 17.5, 1.0 
0.36307805477010135, -389.988, -0.812475, 152090.664, 5000.5, 15.0, 1.0 
0.34673685045253166, -390.0, -0.8125, 152100.0, 5000.5, 19.0, 1.0 
0.33113112148259116, -389.98, -0.8124583333333334, 152084.44, 5000.5, 22.5, 1.0 
0.3162277660168379, -389.98, -0.8124583333333334, 152084.44, 5000.5, 16.0, 1.0 
0.3019951720402016, -389.992, -0.8124833333333333, 152093.776, 5000.5, 16.0, 1.0 
0.28840315031266056, -390.0, -0.8125, 152100.0, 5000.5, 24.5, 1.0 
0.2754228703338166, -390.0, -0.8125, 152100.0, 5000.5, 19.0, 1.0 
0.26302679918953814, -389.984, -0.8124666666666667, 152087.552, 5000.5, 15.5, 1.0 
0.25118864315095796, -389.988, -0.812475, 152090.664, 5000.5, 19.0, 1.0 
0.23988329190194901, -390.0, -0.8125, 152100.0, 5000.5, 11.0, 1.0 
0.22908676527677738, -390.0, -0.8125, 152100.0, 5000.5, 19.0, 1.0 
0.2187761623949553, -390.0, -0.8125, 152100.0, 5000.5, 14.0, 1.0 
0.208929613085404, -390.0, -0.8125, 152100.0, 5000.5, 14.0, 1.0 
0.19952623149688797, -390.0, -0.8125, 152100.0, 5000.5, 17.5, 1.0 
0.19054607179632474, -390.0, -0.8125, 152100.0, 5000.5, 13.5, 1.0 
0.18197008586099836, -390.0, -0.8125, 152100.0, 5000.5, 21.5, 1.0 
0.17378008287493754, -390.0, -0.8125, 152100.0, 5000.5, 17.0, 1.0 
0.16595869074375605, -390.0, -0.8125, 152100.0, 5000.5, 16.0, 1.0 
0.15848931924611134, -390.0, -0.8125, 152100.0, 5000.5, 16.5, 1.0 
0.1513561248436208, -390.0, -0.8125, 152100.0, 5000.5, 12.5, 1.0 
0.1445439770745927, -390.0, -0.8125, 152100.0, 5000.5, 21.0, 1.0 
0.13803842646028847, -390.0, -0.8125, 152100.0, 5000.5, 12.5, 1.0 
0.13182567385564076, -390.0, -0.8125, 152100.0, 5000.5, 16.5, 1.0 
0.12589254117941676, -390.0, -0.8125, 152100.0, 5000.5, 13.5, 1.0 
0.12022644346174131, -390.0, -0.8125, 152100.0, 5000.5, 15.0, 1.0 
0.1148153621496883, -390.0, -0.8125, 152100.0, 5000.5, 10.5, 1.0 
0.1096478196143185, -390.0, -0.8125, 152100.0, 5000.5, 15.0, 1.0 
0.10471285480508996, -390.0, -0.8125, 152100.0, 5000.5, 21.0, 1.0 
0.1, -390.0, -0.8125, 152100.0, 5000.5, 17.5, 1.0 
