Simulation:L=4, P_s=1.0, T_swap=10.0, T_1=10.0, T_0=0.1, N_T=50 
Temperature T, <E>(T), <-E/E_0>(T), <E^2>(T), Relaxation Iterations=tau(T), Accepted Candidates A(T), Final Configuration Correlation Function Value 
10.0, -55.06, -0.19118055555555558, 3129.8, 0.0, 0.0, 0.0 
9.120108393559098, -57.18, -0.19854166666666667, 3376.12, 0.0, 0.0, 0.0 
8.317637711026709, -55.7, -0.19340277777777778, 3229.48, 0.0, 0.0, 0.0 
7.5857757502918375, -57.28, -0.1988888888888889, 3386.4, 0.0, 0.0, 0.0 
6.918309709189366, -59.66, -0.20715277777777777, 3664.76, 0.0, 0.0, 0.0 
6.3095734448019325, -60.96, -0.21166666666666667, 3862.48, 0.0, 0.0, 0.0 
5.7543993733715695, -62.38, -0.21659722222222222, 4000.92, 0.0, 0.0, 0.0 
5.248074602497725, -63.94, -0.22201388888888887, 4191.24, 0.0, 0.0, 0.0 
4.786300923226383, -65.68, -0.22805555555555557, 4402.0, 0.0, 0.0, 0.0 
4.36515832240166, -66.82, -0.23201388888888885, 4563.32, 0.0, 0.0, 0.0 
3.9810717055349727, -72.28, -0.2509722222222222, 5345.68, 0.0, 0.0, 0.0 
3.6307805477010135, -73.38, -0.25479166666666664, 5497.72, 0.0, 0.0, 0.0 
3.311311214825911, -76.22, -0.2646527777777778, 5937.08, 0.0, 0.0, 0.0 
3.019951720402016, -81.66, -0.28354166666666664, 6821.96, 0.0, 0.0, 0.0 
2.7542287033381663, -82.96, -0.2880555555555555, 7006.4, 0.0, 0.0, 0.0 
2.51188643150958, -92.64, -0.32166666666666666, 8769.04, 0.0, 0.0, 0.0 
2.2908676527677727, -99.28, -0.3447222222222222, 10072.56, 0.0, 0.0, 0.0 
2.089296130854039, -107.84, -0.37444444444444447, 11886.24, 0.0, 0.0, 0.0 
1.9054607179632475, -116.94, -0.40604166666666663, 13903.48, 0.0, 0.0, 0.0 
1.7378008287493754, -271.08, -0.9412499999999999, 74250.72, 0.0, 0.0, 0.0 
1.5848931924611134, -287.84, -0.9994444444444444, 82854.4, 0.0, 0.0, 0.0 
1.4454397707459277, -288.0, -1.0, 82944.0, 0.0, 0.0, 0.0 
1.318256738556407, -288.0, -1.0, 82944.0, 0.0, 0.0, 0.0 
1.202264434617413, -288.0, -1.0, 82944.0, 0.0, 0.0, 0.0 
1.096478196143185, -288.0, -1.0, 82944.0, 0.0, 0.0, 0.0 
1.0, -288.0, -1.0, 82944.0, 0.0, 0.0, 0.0 
0.9120108393559097, -288.0, -1.0, 82944.0, 0.0, 0.0, 0.0 
0.8317637711026709, -288.0, -1.0, 82944.0, 0.0, 0.0, 0.0 
0.7585775750291835, -288.0, -1.0, 82944.0, 0.0, 0.0, 0.0 
0.6918309709189365, -288.0, -1.0, 82944.0, 0.0, 0.0, 0.0 
0.6309573444801932, -288.0, -1.0, 82944.0, 0.0, 0.0, 0.0 
0.5754399373371569, -288.0, -1.0, 82944.0, 0.0, 0.0, 0.0 
0.5248074602497725, -288.0, -1.0, 82944.0, 0.0, 0.0, 0.0 
0.4786300923226383, -288.0, -1.0, 82944.0, 0.0, 0.0, 0.0 
0.4365158322401659, -288.0, -1.0, 82944.0, 0.0, 0.0, 0.0 
0.3981071705534973, -288.0, -1.0, 82944.0, 0.0, 0.0, 0.0 
0.36307805477010135, -288.0, -1.0, 82944.0, 0.0, 0.0, 0.0 
0.33113112148259116, -288.0, -1.0, 82944.0, 0.0, 0.0, 0.0 
0.3019951720402016, -288.0, -1.0, 82944.0, 0.0, 0.0, 0.0 
0.2754228703338166, -288.0, -1.0, 82944.0, 0.0, 0.0, 0.0 
0.25118864315095796, -288.0, -1.0, 82944.0, 0.0, 0.0, 0.0 
0.22908676527677738, -288.0, -1.0, 82944.0, 0.0, 0.0, 0.0 
0.208929613085404, -288.0, -1.0, 82944.0, 0.0, 0.0, 0.0 
0.19054607179632474, -288.0, -1.0, 82944.0, 0.0, 0.0, 0.0 
0.17378008287493754, -288.0, -1.0, 82944.0, 0.0, 0.0, 0.0 
0.15848931924611134, -288.0, -1.0, 82944.0, 0.0, 0.0, 0.0 
0.1445439770745927, -288.0, -1.0, 82944.0, 0.0, 0.0, 0.0 
0.13182567385564076, -288.0, -1.0, 82944.0, 0.0, 0.0, 0.0 
0.12022644346174131, -288.0, -1.0, 82944.0, 0.0, 0.0, 0.0 
0.1096478196143185, -288.0, -1.0, 82944.0, 0.0, 0.0, 0.0 
0.1, -288.0, -1.0, 82944.0, 0.0, 0.0, 0.0 
