Simulation:L=4&P_s=0.0&T_1=10.0&T_0=0.5&N_T=1000 
Temperature T, <E>(T), <-E/E_0>(T), <E^2>(T), Relaxation Iterations=tau(T), Final Configuration Correlation Function Value 
10.0, -24.658, -0.17123611111111112, 628.074, 7.0, 0.10416666666666666 
9.970087504549047, -24.836, -0.17247222222222222, 637.34, 58.5, 0.11458333333333333 
9.940264484836504, -24.61, -0.17090277777777776, 628.218, 15.5, 0.11458333333333333 
9.91053067321811, -24.636, -0.17108333333333334, 627.068, 40.0, 0.125 
9.880885802850193, -24.558, -0.17054166666666667, 623.098, 31.0, 0.125 
9.85132960768728, -24.878, -0.17276388888888888, 641.646, 14.5, 0.125 
9.8218618224797, -25.544, -0.1773888888888889, 673.424, 46.5, 0.125 
9.79248218277122, -25.204, -0.17502777777777778, 656.764, 31.5, 0.125 
9.763190424896651, -25.136, -0.17455555555555555, 652.104, 7.0, 0.11458333333333333 
9.733986285979501, -25.456, -0.17677777777777778, 670.592, 14.0, 0.125 
9.7048695039296, -25.278, -0.17554166666666665, 659.642, 44.5, 0.11458333333333333 
9.675839817440762, -25.506, -0.177125, 668.966, 15.0, 0.125 
9.646896965988427, -25.038, -0.173875, 647.842, 19.5, 0.10416666666666666 
9.618040689827334, -24.822, -0.172375, 636.138, 46.5, 0.125 
9.58927072998918, -24.938, -0.17318055555555556, 643.242, 26.0, 0.11458333333333333 
9.560586828280304, -24.756, -0.17191666666666666, 633.224, 32.0, 0.11458333333333333 
9.531988727279366, -24.672, -0.17133333333333334, 629.36, 17.5, 0.125 
9.503476170335038, -25.348, -0.17602777777777778, 662.156, 62.5, 0.125 
9.4750489015637, -24.922, -0.17306944444444444, 643.074, 77.0, 0.11458333333333333 
9.446706665847142, -25.304, -0.17572222222222222, 661.94, 22.0, 0.125 
9.418449208830278, -25.174, -0.17481944444444444, 657.246, 19.0, 0.125 
9.390276276918861, -25.2, -0.175, 657.864, 34.0, 0.125 
9.362187617277208, -24.564, -0.17058333333333334, 624.692, 28.0, 0.125 
9.33418297782593, -25.418, -0.1765138888888889, 668.562, 12.5, 0.10416666666666666 
9.306262107239672, -25.108, -0.1743611111111111, 650.452, 44.0, 0.125 
9.278424754944854, -25.014, -0.17370833333333333, 647.75, 10.0, 0.11458333333333333 
9.250670671117424, -24.754, -0.1719027777777778, 632.218, 13.5, 0.11458333333333333 
9.222999606680618, -25.164, -0.17475000000000002, 654.928, 17.5, 0.10416666666666666 
9.19541131330272, -24.876, -0.17275000000000001, 638.908, 29.0, 0.125 
9.16790554339484, -25.31, -0.1757638888888889, 661.554, 15.0, 0.125 
9.140482050108684, -25.5, -0.17708333333333334, 670.208, 40.0, 0.125 
9.113140587334344, -25.026, -0.17379166666666668, 646.27, 25.0, 0.11458333333333333 
9.08588090969809, -25.214, -0.1750972222222222, 658.282, 21.5, 0.125 
9.058702772560167, -24.842, -0.17251388888888888, 640.994, 52.5, 0.125 
9.031605932012592, -25.394, -0.1763472222222222, 666.426, 9.5, 0.09375 
9.00459014487698, -25.364, -0.1761388888888889, 665.856, 61.5, 0.11458333333333333 
8.977655168702347, -24.444, -0.16974999999999998, 619.968, 60.5, 0.11458333333333333 
8.950800761762943, -25.094, -0.17426388888888888, 655.814, 19.0, 0.07291666666666666 
8.92402668305608, -25.29, -0.175625, 658.134, 21.0, 0.10416666666666666 
8.897332692299972, -25.306, -0.17573611111111112, 661.43, 32.5, 0.125 
8.870718549931567, -25.05, -0.17395833333333333, 650.29, 27.5, 0.125 
8.844184017104416, -25.392, -0.17633333333333334, 662.976, 9.0, 0.125 
8.817728855686514, -25.358, -0.17609722222222224, 662.794, 10.0, 0.10416666666666666 
8.791352828258168, -25.5, -0.17708333333333334, 672.296, 24.5, 0.125 
8.765055698109869, -25.006, -0.17365277777777777, 642.682, 30.5, 0.125 
8.738837229240163, -25.066, -0.17406944444444444, 648.798, 30.0, 0.10416666666666666 
8.712697186353536, -25.388, -0.17630555555555558, 665.884, 57.0, 0.10416666666666666 
8.686635334858302, -25.352, -0.17605555555555555, 661.632, 18.0, 0.125 
8.660651440864498, -25.674, -0.17829166666666665, 682.75, 9.0, 0.125 
8.634745271181783, -24.868, -0.17269444444444443, 637.588, 13.5, 0.11458333333333333 
8.608916593317348, -25.246, -0.17531944444444444, 658.574, 41.5, 0.10416666666666666 
8.583165175473823, -25.226, -0.17518055555555556, 653.778, 16.5, 0.11458333333333333 
8.557490786547211, -25.248, -0.17533333333333334, 658.908, 31.0, 0.125 
8.531893196124793, -24.818, -0.17234722222222223, 636.826, 19.5, 0.11458333333333333 
8.506372174483083, -25.152, -0.17466666666666666, 653.696, 36.5, 0.125 
8.48092749258575, -25.526, -0.1772638888888889, 673.19, 39.5, 0.125 
8.455558922081567, -25.182, -0.174875, 656.446, 7.5, 0.125 
8.430266235302364, -25.256, -0.1753888888888889, 659.464, 43.5, 0.125 
8.405049205260983, -25.514, -0.17718055555555556, 673.238, 35.5, 0.125 
8.379907605649242, -25.186, -0.17490277777777777, 654.254, 21.5, 0.125 
8.354841210835904, -25.776, -0.179, 685.344, 28.0, 0.11458333333333333 
8.329849795864648, -25.024, -0.17377777777777778, 650.676, 24.0, 0.125 
8.304933136452055, -25.616, -0.17788888888888887, 676.308, 27.5, 0.125 
8.280091008985597, -25.368, -0.17616666666666667, 663.712, 15.5, 0.125 
8.25532319052162, -25.06, -0.17402777777777778, 647.824, 37.0, 0.125 
8.230629458783358, -25.48, -0.17694444444444446, 670.652, 34.0, 0.125 
8.206009592158924, -25.526, -0.1772638888888889, 671.246, 26.0, 0.10416666666666666 
8.181463369699332, -25.594, -0.17773611111111112, 676.614, 19.0, 0.125 
8.156990571116506, -25.384, -0.17627777777777778, 667.216, 34.0, 0.10416666666666666 
8.132590976781305, -25.652, -0.1781388888888889, 681.508, 36.0, 0.125 
8.108264367721562, -24.824, -0.1723888888888889, 638.844, 33.5, 0.125 
8.084010525620103, -25.506, -0.177125, 671.01, 32.0, 0.125 
8.059829232812795, -25.6, -0.17777777777777778, 676.296, 26.5, 0.11458333333333333 
8.0357202722866, -25.628, -0.17797222222222223, 677.672, 21.0, 0.125 
8.011683427677609, -25.15, -0.17465277777777777, 652.922, 47.5, 0.125 
7.987718483269121, -25.744, -0.17877777777777779, 683.66, 11.5, 0.11458333333333333 
7.9638252239896925, -25.41, -0.17645833333333333, 666.83, 39.0, 0.125 
7.940003435411215, -25.256, -0.1753888888888889, 657.204, 21.0, 0.125 
7.916252903746987, -25.602, -0.17779166666666668, 676.366, 26.5, 0.11458333333333333 
7.892573415849792, -26.304, -0.18266666666666664, 713.432, 72.0, 0.10416666666666666 
7.868964759210001, -25.558, -0.17748611111111112, 674.338, 16.5, 0.10416666666666666 
7.845426721953643, -25.316, -0.17580555555555555, 662.56, 38.0, 0.11458333333333333 
7.821959092840522, -25.218, -0.175125, 656.246, 24.0, 0.125 
7.798561661262307, -25.612, -0.1778611111111111, 676.72, 56.0, 0.11458333333333333 
7.775234217240659, -25.688, -0.17838888888888887, 682.908, 15.5, 0.10416666666666666 
7.751976551425329, -25.332, -0.17591666666666667, 662.332, 17.5, 0.125 
7.728788455092289, -25.774, -0.17898611111111112, 686.558, 26.5, 0.125 
7.705669720141857, -24.84, -0.1725, 636.152, 24.5, 0.10416666666666666 
7.682620139096827, -25.468, -0.1768611111111111, 669.26, 17.5, 0.125 
7.659639505100614, -25.432, -0.1766111111111111, 667.316, 18.0, 0.125 
7.636727611915388, -25.614, -0.177875, 674.794, 23.0, 0.09375 
7.613884253920229, -25.65, -0.17812499999999998, 680.506, 45.0, 0.125 
7.591109226109282, -25.514, -0.17718055555555556, 675.274, 20.5, 0.125 
7.568402324089913, -25.984, -0.18044444444444446, 698.076, 9.5, 0.10416666666666666 
7.545763344080881, -25.604, -0.17780555555555555, 677.484, 32.5, 0.125 
7.523192082910502, -25.554, -0.17745833333333333, 673.538, 33.0, 0.125 
7.500688338014832, -25.552, -0.17744444444444443, 673.556, 55.0, 0.10416666666666666 
7.478251907435844, -25.334, -0.17593055555555556, 662.142, 42.0, 0.09375 
7.455882589819618, -26.136, -0.1815, 706.02, 40.5, 0.125 
7.433580184414536, -25.928, -0.18005555555555555, 693.68, 22.5, 0.125 
7.411344491069477, -25.95, -0.18020833333333333, 692.402, 40.0, 0.125 
7.389175310232021, -25.348, -0.17602777777777778, 664.812, 32.5, 0.125 
7.367072442946661, -25.4, -0.17638888888888887, 667.064, 11.5, 0.11458333333333333 
7.345035690853012, -25.868, -0.17963888888888888, 691.54, 22.0, 0.11458333333333333 
7.32306485618404, -25.618, -0.17790277777777777, 677.698, 50.0, 0.11458333333333333 
7.301159741764275, -25.248, -0.17533333333333334, 657.36, 30.0, 0.125 
7.279320151008055, -25.042, -0.1739027777777778, 648.69, 43.5, 0.11458333333333333 
7.257545887917749, -25.446, -0.17670833333333336, 666.15, 25.5, 0.11458333333333333 
7.235836757082007, -25.672, -0.17827777777777779, 680.2, 45.0, 0.125 
7.214192563674001, -25.6, -0.17777777777777778, 679.104, 33.0, 0.125 
7.192613113449681, -25.602, -0.17779166666666668, 676.314, 35.5, 0.11458333333333333 
7.1710982127460285, -25.632, -0.17800000000000002, 677.124, 14.5, 0.11458333333333333 
7.149647668479319, -25.654, -0.17815277777777777, 679.038, 55.0, 0.08333333333333333 
7.128261288143388, -25.532, -0.17730555555555555, 670.948, 22.5, 0.11458333333333333 
7.10693887980791, -25.836, -0.17941666666666667, 689.476, 49.5, 0.125 
7.085680252116663, -26.086, -0.18115277777777777, 700.01, 10.5, 0.10416666666666666 
7.0644852142858285, -25.85, -0.1795138888888889, 689.414, 26.5, 0.07291666666666666 
7.043353576102263, -25.85, -0.1795138888888889, 688.974, 46.5, 0.125 
7.022285147921803, -25.222, -0.1751527777777778, 657.906, 8.0, 0.10416666666666666 
7.001279740667552, -25.728, -0.17866666666666667, 687.292, 28.0, 0.125 
6.980337165828195, -26.07, -0.18104166666666666, 701.762, 28.0, 0.11458333333333333 
6.9594572354563, -25.756, -0.1788611111111111, 685.236, 40.5, 0.11458333333333333 
6.9386397621666305, -25.9, -0.1798611111111111, 695.688, 18.5, 0.125 
6.917884559134469, -25.868, -0.17963888888888888, 688.448, 33.5, 0.11458333333333333 
6.897191440093938, -25.826, -0.1793472222222222, 687.642, 39.5, 0.125 
6.876560219336321, -25.79, -0.1790972222222222, 686.962, 35.0, 0.125 
6.855990711708411, -25.728, -0.17866666666666667, 681.048, 22.5, 0.125 
6.835482732610836, -26.32, -0.1827777777777778, 713.06, 22.5, 0.125 
6.815036097996407, -25.382, -0.1762638888888889, 666.774, 26.5, 0.125 
6.794650624368467, -25.818, -0.17929166666666668, 687.406, 6.0, 0.125 
6.774326128779244, -25.804, -0.17919444444444443, 688.232, 14.0, 0.11458333333333333 
6.754062428828204, -25.692, -0.17841666666666667, 681.452, 17.0, 0.10416666666666666 
6.733859342660428, -25.446, -0.17670833333333336, 666.986, 25.5, 0.125 
6.7137166889649595, -25.398, -0.176375, 664.878, 42.0, 0.125 
6.693634286973193, -25.942, -0.18015277777777777, 693.79, 19.5, 0.125 
6.6736119564572505, -26.094, -0.18120833333333333, 702.426, 110.0, 0.10416666666666666 
6.653649517728355, -26.13, -0.18145833333333333, 706.55, 19.0, 0.09375 
6.633746791635227, -25.942, -0.18015277777777777, 694.546, 22.0, 0.125 
6.61390359956247, -25.726, -0.17865277777777777, 682.554, 10.0, 0.125 
6.594119763428975, -26.054, -0.18093055555555554, 701.018, 13.5, 0.11458333333333333 
6.574395105686315, -25.788, -0.17908333333333334, 685.684, 44.5, 0.11458333333333333 
6.554729449317154, -26.004, -0.18058333333333335, 698.688, 14.5, 0.125 
6.535122617833661, -25.692, -0.17841666666666667, 684.124, 27.5, 0.125 
6.515574435275924, -25.794, -0.179125, 687.002, 18.5, 0.125 
6.496084726210371, -25.904, -0.17988888888888888, 695.104, 31.5, 0.125 
6.476653315728194, -26.134, -0.18148611111111113, 708.182, 48.5, 0.125 
6.4572800294437815, -25.946, -0.18018055555555557, 697.002, 18.0, 0.11458333333333333 
6.4379646934931545, -25.28, -0.17555555555555558, 659.332, 18.0, 0.125 
6.418707134532403, -26.38, -0.18319444444444444, 714.668, 23.0, 0.11458333333333333 
6.399507179736133, -25.66, -0.17819444444444443, 678.652, 40.5, 0.10416666666666666 
6.380364656795914, -25.726, -0.17865277777777777, 684.138, 29.0, 0.09375 
6.36127939391873, -26.046, -0.180875, 698.574, 43.0, 0.11458333333333333 
6.342251219825448, -25.542, -0.177375, 675.346, 27.5, 0.125 
6.323279963749265, -26.132, -0.18147222222222223, 703.464, 17.5, 0.125 
6.304365455434189, -26.07, -0.18104166666666666, 703.51, 39.0, 0.125 
6.285507525133507, -25.974, -0.180375, 697.626, 24.0, 0.11458333333333333 
6.266706003608259, -26.496, -0.184, 725.48, 31.5, 0.125 
6.247960722125719, -25.848, -0.1795, 688.58, 38.5, 0.11458333333333333 
6.229271512457888, -25.968, -0.18033333333333335, 695.036, 29.5, 0.125 
6.210638206879972, -25.464, -0.17683333333333331, 670.844, 34.0, 0.10416666666666666 
6.192060638168892, -25.782, -0.17904166666666665, 685.898, 17.5, 0.125 
6.173538639601767, -25.988, -0.18047222222222223, 699.62, 15.0, 0.10416666666666666 
6.155072044954429, -25.976, -0.18038888888888888, 696.092, 21.5, 0.09375 
6.136660688499931, -26.226, -0.18212499999999998, 711.822, 27.5, 0.125 
6.118304405007051, -26.23, -0.18215277777777777, 709.082, 25.0, 0.125 
6.100003029738819, -25.822, -0.17931944444444445, 687.55, 29.5, 0.125 
6.0817563984510326, -26.97, -0.18729166666666666, 748.998, 38.5, 0.125 
6.063564347390786, -25.668, -0.17825, 683.16, 15.0, 0.125 
6.045426713294997, -26.526, -0.18420833333333334, 724.522, 32.0, 0.125 
6.027343333388946, -26.762, -0.18584722222222222, 740.438, 53.5, 0.125 
6.009314045384814, -26.876, -0.1866388888888889, 745.916, 38.5, 0.125 
5.991338687480221, -25.884, -0.17975, 689.236, 37.5, 0.11458333333333333 
5.9734170983567845, -26.326, -0.18281944444444445, 714.834, 33.5, 0.11458333333333333 
5.955549117178661, -25.922, -0.1800138888888889, 691.742, 81.5, 0.125 
5.937734583591108, -26.46, -0.18375, 719.868, 65.0, 0.125 
5.9199733377190435, -26.554, -0.18440277777777778, 726.038, 38.0, 0.10416666666666666 
5.902265220165615, -26.558, -0.18443055555555554, 725.53, 29.5, 0.11458333333333333 
5.884610072010763, -26.356, -0.1830277777777778, 719.28, 21.5, 0.125 
5.867007734809798, -25.986, -0.18045833333333333, 698.262, 55.5, 0.125 
5.849458050591977, -26.174, -0.1817638888888889, 709.962, 37.5, 0.09375 
5.83196086185909, -26.828, -0.18630555555555556, 744.736, 38.5, 0.125 
5.81451601158404, -26.596, -0.18469444444444444, 730.708, 23.5, 0.125 
5.7971233432094404, -26.538, -0.18429166666666666, 725.69, 14.5, 0.10416666666666666 
5.779782700646204, -26.294, -0.18259722222222222, 715.03, 13.0, 0.11458333333333333 
5.762493928272146, -26.068, -0.1810277777777778, 703.584, 56.5, 0.11458333333333333 
5.745256870930588, -26.68, -0.18527777777777776, 734.56, 20.5, 0.125 
5.7280713739289615, -26.214, -0.18204166666666666, 705.782, 12.5, 0.08333333333333333 
5.710937283037422, -26.414, -0.18343055555555557, 721.934, 23.0, 0.125 
5.693854444487469, -26.36, -0.18305555555555555, 717.204, 27.0, 0.11458333333333333 
5.676822704970556, -26.298, -0.18262499999999998, 713.542, 33.0, 0.10416666666666666 
5.659841911636727, -26.186, -0.18184722222222222, 708.986, 16.5, 0.11458333333333333 
5.642911912093233, -26.568, -0.1845, 728.368, 19.0, 0.125 
5.626032554403171, -26.444, -0.18363888888888888, 717.22, 12.5, 0.125 
5.609203687084121, -26.022, -0.18070833333333333, 699.206, 12.5, 0.125 
5.592425159106784, -26.858, -0.1865138888888889, 743.482, 21.0, 0.125 
5.5756968198936265, -25.652, -0.1781388888888889, 680.48, 32.0, 0.10416666666666666 
5.55901851931753, -26.414, -0.18343055555555557, 718.074, 55.0, 0.125 
5.542390107700445, -26.298, -0.18262499999999998, 712.618, 49.5, 0.11458333333333333 
5.525811435812046, -26.544, -0.18433333333333335, 726.56, 20.5, 0.09375 
5.50928235486839, -26.824, -0.1862777777777778, 739.72, 32.0, 0.125 
5.492802716530588, -26.812, -0.18619444444444444, 739.628, 56.5, 0.11458333333333333 
5.476372372903469, -26.81, -0.18618055555555554, 743.534, 14.0, 0.125 
5.459991176534248, -26.398, -0.18331944444444445, 721.746, 40.5, 0.10416666666666666 
5.443658980411215, -26.11, -0.18131944444444445, 701.138, 26.0, 0.125 
5.427375637962407, -26.466, -0.1837916666666667, 722.602, 44.5, 0.10416666666666666 
5.411141003054291, -26.652, -0.18508333333333335, 734.524, 41.5, 0.125 
5.394954929990458, -26.722, -0.18556944444444445, 734.106, 17.5, 0.125 
5.378817273510315, -26.79, -0.18604166666666666, 738.926, 16.5, 0.10416666666666666 
5.362727888787776, -27.372, -0.19008333333333333, 772.436, 13.0, 0.11458333333333333 
5.34668663142997, -26.278, -0.1824861111111111, 713.058, 76.0, 0.125 
5.330693357475937, -26.18, -0.18180555555555555, 705.98, 25.0, 0.11458333333333333 
5.314747923395346, -26.626, -0.18490277777777778, 732.346, 28.5, 0.11458333333333333 
5.298850186087193, -26.156, -0.18163888888888888, 705.408, 26.5, 0.125 
5.2830000028785316, -26.37, -0.183125, 715.566, 50.5, 0.125 
5.267197231523183, -26.786, -0.1860138888888889, 737.802, 18.5, 0.10416666666666666 
5.251441730200462, -26.598, -0.18470833333333334, 731.57, 30.5, 0.11458333333333333 
5.235733357513905, -26.656, -0.18511111111111112, 732.344, 20.5, 0.125 
5.220071972490001, -26.66, -0.18513888888888888, 735.068, 19.0, 0.125 
5.204457434576925, -26.226, -0.18212499999999998, 709.774, 29.5, 0.09375 
5.18888960364328, -26.642, -0.1850138888888889, 731.858, 37.5, 0.125 
5.173368339976832, -27.032, -0.18772222222222223, 755.144, 22.5, 0.09375 
5.157893504283266, -26.394, -0.18329166666666666, 720.094, 13.5, 0.125 
5.142464957684929, -26.1, -0.18125000000000002, 703.968, 6.5, 0.11458333333333333 
5.127082561719584, -27.104, -0.1882222222222222, 756.24, 39.0, 0.11458333333333333 
5.111746178339176, -26.916, -0.18691666666666668, 742.648, 29.5, 0.125 
5.096455669908576, -27.406, -0.19031944444444443, 776.302, 9.5, 0.11458333333333333 
5.081210899204364, -26.62, -0.18486111111111111, 731.104, 13.0, 0.125 
5.066011729413585, -26.486, -0.18393055555555557, 721.694, 31.5, 0.10416666666666666 
5.05085802413253, -26.62, -0.18486111111111111, 731.752, 17.0, 0.11458333333333333 
5.035749647365502, -26.824, -0.1862777777777778, 742.036, 11.5, 0.07291666666666666 
5.020686463523606, -26.984, -0.1873888888888889, 748.984, 19.0, 0.125 
5.005668337423525, -26.866, -0.18656944444444445, 743.214, 24.5, 0.125 
4.990695134286309, -27.342, -0.189875, 768.526, 66.0, 0.10416666666666666 
4.975766719736166, -26.96, -0.18722222222222223, 751.14, 43.5, 0.125 
4.960882959799254, -26.764, -0.18586111111111112, 738.072, 18.0, 0.10416666666666666 
4.946043720902484, -26.474, -0.18384722222222222, 719.274, 5.0, 0.11458333333333333 
4.931248869872313, -26.502, -0.18404166666666666, 725.186, 23.5, 0.125 
4.916498273933556, -27.062, -0.18793055555555557, 755.214, 17.5, 0.11458333333333333 
4.901791800708191, -26.738, -0.18568055555555554, 736.214, 17.5, 0.125 
4.88712931821417, -26.846, -0.18643055555555554, 740.966, 91.5, 0.125 
4.87251069486424, -26.44, -0.1836111111111111, 722.06, 37.5, 0.125 
4.857935799464755, -26.654, -0.18509722222222222, 731.122, 13.5, 0.125 
4.843404501214504, -26.786, -0.1860138888888889, 739.95, 53.0, 0.08333333333333333 
4.828916669703534, -27.092, -0.18813888888888888, 754.692, 31.5, 0.125 
4.81447217491198, -26.812, -0.18619444444444444, 740.944, 19.5, 0.10416666666666666 
4.800070887208901, -27.56, -0.1913888888888889, 784.12, 20.5, 0.09375 
4.785712677351112, -26.65, -0.18506944444444443, 732.934, 26.0, 0.10416666666666666 
4.771397416482029, -28.128, -0.19533333333333333, 816.896, 31.5, 0.125 
4.757124976130508, -27.026, -0.18768055555555554, 753.826, 19.5, 0.125 
4.7428952282096954, -26.778, -0.18595833333333334, 738.782, 19.5, 0.11458333333333333 
4.728708045015879, -27.12, -0.18833333333333335, 759.78, 24.0, 0.125 
4.714563299227336, -26.538, -0.18429166666666666, 723.682, 33.0, 0.11458333333333333 
4.7004608639032, -27.49, -0.19090277777777775, 778.986, 41.0, 0.125 
4.686400612482312, -26.67, -0.18520833333333334, 731.218, 27.5, 0.11458333333333333 
4.67238241878209, -27.576, -0.1915, 781.856, 29.0, 0.11458333333333333 
4.658406156997396, -27.682, -0.1922361111111111, 791.582, 25.5, 0.125 
4.644471701699409, -27.244, -0.18919444444444444, 764.792, 27.0, 0.125 
4.630578927834492, -27.344, -0.18988888888888888, 769.464, 58.5, 0.125 
4.6167277107230795, -27.23, -0.18909722222222222, 763.166, 29.0, 0.125 
4.60291792605855, -27.684, -0.19225, 785.916, 35.5, 0.125 
4.589149449906117, -27.234, -0.18912500000000002, 764.09, 51.0, 0.125 
4.575422158701711, -26.772, -0.18591666666666665, 739.128, 22.0, 0.10416666666666666 
4.561735929250875, -27.418, -0.19040277777777778, 774.594, 37.0, 0.125 
4.5480906387276585, -27.006, -0.18754166666666666, 755.458, 17.0, 0.10416666666666666 
4.534486164673512, -26.844, -0.18641666666666667, 745.508, 20.5, 0.125 
4.520922384996192, -27.198, -0.18887500000000002, 763.874, 8.5, 0.125 
4.507399177968661, -27.916, -0.19386111111111112, 803.356, 21.0, 0.125 
4.493916422227999, -27.444, -0.19058333333333333, 773.916, 27.0, 0.11458333333333333 
4.480473996774313, -27.21, -0.18895833333333334, 761.99, 9.5, 0.125 
4.4670717809696505, -27.532, -0.19119444444444444, 783.912, 33.5, 0.125 
4.453709654536917, -27.338, -0.18984722222222222, 769.786, 32.5, 0.10416666666666666 
4.440387497558797, -28.016, -0.19455555555555554, 807.612, 24.5, 0.125 
4.427105190476677, -27.506, -0.1910138888888889, 781.854, 29.5, 0.125 
4.413862614089576, -27.594, -0.19162500000000002, 781.926, 38.0, 0.11458333333333333 
4.4006596495530665, -27.134, -0.18843055555555555, 757.278, 29.5, 0.125 
4.387496178378222, -27.42, -0.19041666666666668, 775.46, 38.5, 0.125 
4.374372082430541, -27.636, -0.19191666666666665, 785.816, 11.5, 0.125 
4.361287243928892, -27.83, -0.19326388888888887, 797.93, 34.0, 0.125 
4.34824154544446, -27.42, -0.19041666666666668, 773.82, 30.0, 0.125 
4.335234869899685, -27.04, -0.18777777777777777, 754.2, 32.0, 0.125 
4.322267100567217, -27.628, -0.19186111111111112, 789.628, 25.0, 0.125 
4.309338121068864, -28.014, -0.19454166666666667, 805.426, 14.0, 0.125 
4.296447815374556, -28.066, -0.19490277777777776, 812.442, 29.0, 0.125 
4.283596067801291, -27.268, -0.18936111111111112, 764.06, 40.5, 0.125 
4.270782763012109, -27.822, -0.19320833333333332, 795.042, 23.0, 0.125 
4.258007786015048, -28.244, -0.1961388888888889, 822.464, 38.5, 0.09375 
4.245271022162118, -27.802, -0.19306944444444443, 799.706, 25.0, 0.125 
4.232572357148269, -27.282, -0.18945833333333334, 768.314, 23.5, 0.125 
4.219911677010367, -27.31, -0.18965277777777778, 767.63, 33.5, 0.125 
4.207288868126167, -28.208, -0.1958888888888889, 821.112, 116.5, 0.10416666666666666 
4.1947038172133, -27.174, -0.18870833333333334, 763.158, 46.0, 0.125 
4.1821564113282514, -27.354, -0.18995833333333334, 769.318, 19.0, 0.125 
4.169646537865348, -27.67, -0.19215277777777778, 789.818, 33.0, 0.125 
4.15717408455575, -27.658, -0.19206944444444446, 785.666, 106.5, 0.10416666666666666 
4.144738939466441, -27.55, -0.19131944444444446, 784.442, 30.0, 0.10416666666666666 
4.132340990999223, -27.708, -0.19241666666666665, 790.656, 30.0, 0.125 
4.119980127889718, -27.704, -0.1923888888888889, 790.268, 25.5, 0.125 
4.107656239206366, -28.162, -0.19556944444444443, 819.142, 17.0, 0.125 
4.095369214349432, -28.24, -0.1961111111111111, 820.98, 59.5, 0.11458333333333333 
4.083118943050012, -28.28, -0.1963888888888889, 823.172, 18.0, 0.11458333333333333 
4.0709053153690435, -28.328, -0.19672222222222221, 825.296, 63.0, 0.11458333333333333 
4.05872822169632, -28.19, -0.1957638888888889, 817.766, 37.5, 0.125 
4.046587552749506, -28.338, -0.19679166666666667, 826.39, 19.5, 0.125 
4.034483199573156, -27.974, -0.1942638888888889, 803.798, 88.0, 0.10416666666666666 
4.022415053537738, -27.882, -0.19362500000000002, 798.786, 76.5, 0.125 
4.0103830063386585, -28.062, -0.19487500000000002, 809.05, 34.0, 0.10416666666666666 
3.99838694999529, -27.356, -0.18997222222222224, 768.856, 40.0, 0.11458333333333333 
3.986426776850002, -27.658, -0.19206944444444446, 790.006, 17.0, 0.11458333333333333 
3.9745023795671934, -27.764, -0.19280555555555556, 791.512, 12.0, 0.125 
3.962613651132333, -28.706, -0.19934722222222223, 844.202, 18.0, 0.11458333333333333 
3.9507604848509947, -28.106, -0.19518055555555558, 815.042, 20.5, 0.10416666666666666 
3.938942774347904, -27.442, -0.19056944444444446, 778.87, 14.0, 0.125 
3.9271604135659794, -27.692, -0.19230555555555556, 784.468, 8.5, 0.125 
3.915413296765384, -27.924, -0.19391666666666665, 804.528, 27.0, 0.10416666666666666 
3.903701318522574, -27.758, -0.19276388888888887, 798.514, 25.0, 0.09375 
3.892024373729355, -28.306, -0.19656944444444446, 823.022, 91.0, 0.11458333333333333 
3.880382357591938, -27.728, -0.19255555555555556, 793.444, 15.5, 0.11458333333333333 
3.8687751656299953, -28.582, -0.1984861111111111, 839.998, 18.0, 0.125 
3.857202693675728, -28.176, -0.19566666666666666, 813.868, 19.0, 0.125 
3.8456648378729303, -28.192, -0.19577777777777777, 814.744, 11.5, 0.125 
3.8341614946760543, -28.16, -0.19555555555555557, 815.692, 25.0, 0.11458333333333333 
3.8226925608492826, -28.23, -0.19604166666666667, 818.782, 34.5, 0.125 
3.811257933465603, -28.044, -0.19475, 807.828, 52.0, 0.11458333333333333 
3.799857509905883, -27.794, -0.1930138888888889, 794.162, 18.5, 0.10416666666666666 
3.78849118785795, -27.75, -0.19270833333333334, 791.23, 64.5, 0.11458333333333333 
3.7771588653156725, -27.798, -0.19304166666666667, 793.066, 20.0, 0.11458333333333333 
3.7658604405780443, -28.622, -0.19876388888888888, 844.042, 27.5, 0.10416666666666666 
3.7545958122482723, -27.966, -0.19420833333333334, 806.606, 31.0, 0.125 
3.7433648792328684, -28.418, -0.19734722222222223, 829.61, 31.0, 0.125 
3.732167540740737, -27.876, -0.19358333333333333, 799.116, 45.5, 0.125 
3.7210036962822772, -28.18, -0.19569444444444445, 819.052, 21.5, 0.11458333333333333 
3.7098732456684753, -28.458, -0.197625, 835.894, 133.0, 0.125 
3.698776089010008, -27.9, -0.19374999999999998, 801.284, 82.0, 0.11458333333333333 
3.6877121267163475, -28.486, -0.19781944444444444, 832.962, 30.0, 0.125 
3.6766812594948646, -28.388, -0.1971388888888889, 829.192, 27.0, 0.125 
3.6656833883499402, -28.04, -0.1947222222222222, 808.208, 48.5, 0.125 
3.654718414582075, -28.43, -0.19743055555555555, 829.182, 61.0, 0.11458333333333333 
3.6437862397870053, -28.964, -0.20113888888888887, 859.36, 56.0, 0.11458333333333333 
3.6328867658548174, -29.0, -0.2013888888888889, 862.52, 39.0, 0.09375 
3.622019894969072, -28.338, -0.19679166666666667, 825.006, 11.5, 0.125 
3.611185529605919, -28.184, -0.19572222222222224, 822.684, 66.5, 0.125 
3.6003835725332314, -28.62, -0.19875, 841.444, 42.5, 0.11458333333333333 
3.5896139268097222, -28.344, -0.19683333333333333, 828.86, 43.0, 0.11458333333333333 
3.578876495784085, -28.34, -0.19680555555555557, 827.376, 64.0, 0.125 
3.5681711830941194, -28.326, -0.19670833333333335, 823.31, 18.5, 0.125 
3.5574978926658667, -29.118, -0.20220833333333332, 878.01, 56.0, 0.125 
3.5468565287127523, -28.524, -0.19808333333333333, 837.28, 7.5, 0.11458333333333333 
3.536246995734722, -28.146, -0.19545833333333335, 814.362, 13.0, 0.10416666666666666 
3.5256691985173862, -29.028, -0.20158333333333334, 868.456, 61.5, 0.125 
3.5151230421311648, -28.718, -0.19943055555555556, 848.61, 39.5, 0.11458333333333333 
3.5046084319304356, -28.214, -0.19593055555555555, 817.002, 11.0, 0.125 
3.4941252735526867, -29.33, -0.20368055555555553, 883.23, 42.5, 0.125 
3.483673472917666, -28.154, -0.19551388888888888, 817.302, 14.5, 0.125 
3.4732529362265407, -29.534, -0.2050972222222222, 901.118, 20.0, 0.125 
3.462863569961052, -28.93, -0.20090277777777776, 859.982, 19.0, 0.09375 
3.452505280882679, -28.846, -0.20031944444444444, 854.622, 43.0, 0.11458333333333333 
3.4421779760317994, -29.508, -0.20491666666666666, 891.608, 19.0, 0.10416666666666666 
3.4318815627268573, -28.416, -0.19733333333333333, 828.26, 45.0, 0.10416666666666666 
3.4216159485635296, -29.368, -0.20394444444444443, 883.764, 26.0, 0.125 
3.4113810414138985, -28.862, -0.20043055555555556, 858.822, 41.0, 0.125 
3.4011767494256224, -28.854, -0.200375, 857.954, 34.5, 0.125 
3.391002981021114, -28.762, -0.19973611111111111, 850.19, 23.0, 0.125 
3.3808596448967174, -28.826, -0.20018055555555556, 856.17, 33.0, 0.10416666666666666 
3.3707466500218897, -29.354, -0.2038472222222222, 885.302, 113.0, 0.125 
3.3606639056383796, -28.854, -0.200375, 860.43, 28.0, 0.125 
3.3506113212594206, -28.854, -0.200375, 854.802, 41.0, 0.125 
3.3405888066689124, -28.58, -0.19847222222222222, 839.28, 18.5, 0.11458333333333333 
3.330596271920614, -28.86, -0.20041666666666666, 853.596, 11.0, 0.08333333333333333 
3.320633627337335, -28.866, -0.20045833333333332, 858.278, 13.0, 0.125 
3.3107007835101343, -29.032, -0.2016111111111111, 864.116, 64.0, 0.125 
3.300797651297513, -28.854, -0.200375, 857.762, 48.0, 0.125 
3.290924141824618, -29.42, -0.20430555555555557, 889.636, 26.5, 0.125 
3.2810801664824414, -29.038, -0.2016527777777778, 866.13, 13.0, 0.125 
3.27126563692703, -28.766, -0.19976388888888888, 849.31, 47.5, 0.11458333333333333 
3.2614804650786855, -29.348, -0.20380555555555555, 885.572, 49.5, 0.125 
3.251724563121182, -29.808, -0.207, 912.428, 73.5, 0.11458333333333333 
3.2419978435009704, -29.158, -0.20248611111111112, 871.65, 25.5, 0.11458333333333333 
3.2323002189263983, -28.828, -0.20019444444444445, 854.22, 7.5, 0.125 
3.2226316023669233, -29.204, -0.20280555555555557, 875.58, 28.5, 0.125 
3.2129919070523334, -29.566, -0.20531944444444444, 901.262, 62.0, 0.125 
3.203381046471968, -29.036, -0.2016388888888889, 869.664, 32.0, 0.125 
3.193798934373942, -29.052, -0.20174999999999998, 866.784, 74.5, 0.125 
3.18424548476437, -28.802, -0.20001388888888888, 852.69, 34.0, 0.11458333333333333 
3.1747206119065967, -29.018, -0.20151388888888888, 865.302, 41.0, 0.10416666666666666 
3.165224230320427, -28.86, -0.20041666666666666, 857.452, 20.0, 0.11458333333333333 
3.1557562547813562, -29.762, -0.20668055555555556, 910.678, 18.5, 0.11458333333333333 
3.1463166003198095, -29.27, -0.20326388888888888, 880.922, 12.0, 0.11458333333333333 
3.1369051822203775, -29.658, -0.20595833333333335, 904.05, 60.5, 0.125 
3.127521916021054, -29.75, -0.2065972222222222, 908.21, 31.0, 0.125 
3.11816671751248, -29.04, -0.20166666666666666, 868.608, 25.0, 0.125 
3.1088395027371893, -29.338, -0.20373611111111112, 883.498, 45.5, 0.125 
3.099540187988853, -29.66, -0.20597222222222222, 903.108, 18.5, 0.125 
3.090268689811526, -29.678, -0.20609722222222224, 904.014, 16.5, 0.125 
3.0810249249989052, -29.288, -0.2033888888888889, 879.212, 26.5, 0.125 
3.0718088105935752, -29.816, -0.20705555555555555, 913.232, 62.0, 0.11458333333333333 
3.0626202638862674, -29.778, -0.20679166666666665, 912.158, 14.0, 0.11458333333333333 
3.053459202415118, -30.178, -0.20956944444444445, 935.562, 40.5, 0.125 
3.044325543964926, -28.862, -0.20043055555555556, 857.71, 24.0, 0.125 
3.0352192065664196, -29.706, -0.20629166666666665, 908.138, 29.0, 0.125 
3.026140108495513, -29.556, -0.20525000000000002, 900.308, 15.5, 0.11458333333333333 
3.0170881682725814, -29.664, -0.20600000000000002, 902.684, 64.0, 0.125 
3.008063304661724, -28.97, -0.20118055555555556, 860.882, 14.5, 0.125 
2.9990654366700364, -29.454, -0.20454166666666668, 892.922, 33.5, 0.08333333333333333 
2.990094483546886, -29.654, -0.20593055555555556, 905.154, 31.5, 0.11458333333333333 
2.9811503647831845, -29.836, -0.20719444444444443, 912.56, 44.5, 0.11458333333333333 
2.9722330001106663, -29.464, -0.2046111111111111, 892.948, 40.5, 0.11458333333333333 
2.9633423095011677, -29.736, -0.20650000000000002, 909.408, 18.5, 0.125 
2.9544782131659115, -29.932, -0.2078611111111111, 925.592, 27.5, 0.11458333333333333 
2.945640631554785, -29.27, -0.20326388888888888, 878.63, 8.0, 0.125 
2.9368294853556325, -30.086, -0.20893055555555554, 931.174, 58.0, 0.125 
2.9280446954935395, -29.592, -0.2055, 897.328, 23.0, 0.11458333333333333 
2.919286183130126, -29.824, -0.20711111111111113, 914.688, 19.5, 0.11458333333333333 
2.9105538696628352, -29.83, -0.20715277777777777, 912.15, 35.5, 0.125 
2.9018476767242305, -30.356, -0.21080555555555558, 945.264, 34.5, 0.11458333333333333 
2.8931675261812932, -30.926, -0.21476388888888887, 984.306, 22.5, 0.125 
2.8845133401347196, -30.3, -0.21041666666666667, 944.732, 39.5, 0.10416666666666666 
2.87588504091822, -30.156, -0.20941666666666667, 933.62, 34.5, 0.11458333333333333 
2.8672825510978273, -29.73, -0.20645833333333333, 906.13, 145.5, 0.125 
2.8587057934711964, -30.286, -0.21031944444444445, 937.726, 20.5, 0.11458333333333333 
2.8501546910669138, -29.72, -0.20638888888888887, 905.54, 23.5, 0.125 
2.8416291671438088, -29.998, -0.20831944444444445, 922.838, 67.5, 0.11458333333333333 
2.8331291451902603, -30.12, -0.20916666666666667, 929.18, 32.0, 0.11458333333333333 
2.8246545489235135, -29.418, -0.20429166666666665, 889.13, 46.5, 0.125 
2.816205302288995, -30.312, -0.21050000000000002, 941.488, 33.0, 0.125 
2.8077813294596283, -30.09, -0.20895833333333333, 927.446, 23.0, 0.11458333333333333 
2.7993825548351547, -30.448, -0.21144444444444443, 953.784, 28.5, 0.11458333333333333 
2.7910089030414564, -30.488, -0.21172222222222223, 953.224, 69.5, 0.125 
2.7826602989298763, -30.036, -0.20858333333333334, 926.34, 12.5, 0.11458333333333333 
2.7743366675765477, -30.61, -0.21256944444444445, 959.658, 11.5, 0.10416666666666666 
2.7660379342817185, -30.47, -0.21159722222222221, 954.67, 45.5, 0.11458333333333333 
2.757764024569082, -30.016, -0.20844444444444443, 921.808, 59.0, 0.11458333333333333 
2.7495148641851097, -30.752, -0.21355555555555555, 970.992, 16.5, 0.11458333333333333 
2.7412903790983827, -30.432, -0.21133333333333332, 951.808, 21.0, 0.125 
2.733090495498931, -30.4, -0.2111111111111111, 948.62, 37.5, 0.11458333333333333 
2.7249151397975653, -30.41, -0.21118055555555557, 949.138, 47.0, 0.125 
2.7167642386252226, -30.506, -0.21184722222222221, 957.522, 55.0, 0.11458333333333333 
2.7086377188323034, -30.304, -0.21044444444444443, 943.332, 32.0, 0.11458333333333333 
2.700535507488019, -30.132, -0.20925000000000002, 928.776, 21.0, 0.125 
2.6924575318797315, -30.572, -0.21230555555555555, 958.54, 45.5, 0.125 
2.6844037195123076, -30.222, -0.209875, 936.506, 43.0, 0.11458333333333333 
2.6763739981074646, -30.86, -0.21430555555555555, 975.496, 11.0, 0.125 
2.6683682956031207, -30.49, -0.2117361111111111, 953.502, 24.5, 0.10416666666666666 
2.660386540152751, -30.326, -0.2105972222222222, 944.57, 29.5, 0.125 
2.6524286601247415, -30.444, -0.21141666666666667, 948.352, 92.5, 0.11458333333333333 
2.644494584101746, -30.492, -0.21175, 951.844, 27.5, 0.11458333333333333 
2.6365842408800444, -30.058, -0.20873611111111112, 926.618, 24.5, 0.10416666666666666 
2.6286975594689066, -30.948, -0.21491666666666667, 984.276, 49.0, 0.11458333333333333 
2.620834469089952, -30.49, -0.2117361111111111, 956.478, 41.5, 0.125 
2.612994899176517, -30.654, -0.212875, 966.53, 72.0, 0.125 
2.6051787793730186, -30.918, -0.21470833333333333, 981.822, 47.5, 0.125 
2.5973860395343267, -30.764, -0.21363888888888888, 969.792, 57.0, 0.125 
2.5896166097251334, -29.846, -0.2072638888888889, 915.406, 20.0, 0.10416666666666666 
2.5818704202193214, -30.69, -0.213125, 968.286, 102.0, 0.125 
2.5741474014993453, -31.034, -0.2155138888888889, 988.754, 49.0, 0.125 
2.5664474842556024, -30.352, -0.21077777777777779, 944.592, 42.5, 0.125 
2.5587705993858116, -30.468, -0.21158333333333335, 956.12, 67.0, 0.125 
2.5511166779943957, -30.796, -0.2138611111111111, 969.384, 21.0, 0.125 
2.54348565139186, -31.61, -0.2195138888888889, 1026.366, 21.0, 0.11458333333333333 
2.5358774510941777, -30.566, -0.2122638888888889, 956.998, 21.0, 0.10416666666666666 
2.528292008822175, -31.03, -0.21548611111111113, 986.258, 39.0, 0.10416666666666666 
2.5207292565009176, -30.718, -0.21331944444444445, 971.494, 91.5, 0.11458333333333333 
2.5131891262591006, -30.666, -0.21295833333333333, 968.17, 59.5, 0.11458333333333333 
2.5056715504284393, -31.174, -0.2164861111111111, 994.226, 40.0, 0.11458333333333333 
2.4981764615430624, -31.214, -0.21676388888888887, 996.27, 87.5, 0.11458333333333333 
2.4907037923389037, -31.136, -0.2162222222222222, 995.1, 29.0, 0.11458333333333333 
2.483253475753103, -31.608, -0.2195, 1023.784, 71.5, 0.11458333333333333 
2.4758254449234003, -31.126, -0.21615277777777778, 1000.014, 62.5, 0.09375 
2.468419633187538, -31.104, -0.216, 988.292, 73.5, 0.125 
2.461035974082661, -31.402, -0.21806944444444445, 1009.194, 11.5, 0.10416666666666666 
2.4536744013447236, -31.336, -0.2176111111111111, 1005.932, 28.0, 0.11458333333333333 
2.446334848907889, -31.164, -0.21641666666666667, 991.504, 51.0, 0.125 
2.4390172509039427, -31.846, -0.22115277777777778, 1043.138, 30.5, 0.125 
2.4317215416616964, -31.64, -0.21972222222222224, 1027.704, 89.0, 0.125 
2.4244476557064027, -31.026, -0.21545833333333334, 986.97, 29.0, 0.125 
2.4171955277591635, -31.656, -0.21983333333333333, 1028.172, 43.0, 0.11458333333333333 
2.4099650927363476, -31.686, -0.22004166666666666, 1030.334, 31.0, 0.125 
2.4027562857490046, -31.708, -0.22019444444444444, 1035.036, 17.5, 0.125 
2.395569042102283, -31.782, -0.22070833333333334, 1033.422, 8.0, 0.11458333333333333 
2.38840329729485, -31.006, -0.21531944444444445, 986.71, 24.0, 0.10416666666666666 
2.3812589870183127, -30.838, -0.21415277777777778, 973.294, 44.0, 0.125 
2.37413604715664, -31.608, -0.2195, 1023.328, 27.5, 0.125 
2.3670344137855883, -31.07, -0.2157638888888889, 990.014, 10.0, 0.11458333333333333 
2.3599540231721274, -31.652, -0.21980555555555556, 1024.932, 73.5, 0.125 
2.3528948117738677, -31.634, -0.21968055555555555, 1028.962, 32.5, 0.10416666666666666 
2.345856716238492, -31.328, -0.21755555555555556, 1004.512, 174.5, 0.11458333333333333 
2.3388396734031853, -31.45, -0.21840277777777778, 1015.754, 26.5, 0.11458333333333333 
2.331843620294067, -31.64, -0.21972222222222224, 1027.948, 94.0, 0.125 
2.324868494125629, -31.93, -0.2217361111111111, 1043.914, 50.5, 0.10416666666666666 
2.3179142323001694, -33.182, -0.23043055555555558, 1127.438, 19.0, 0.125 
2.3109807724072313, -31.72, -0.22027777777777777, 1029.524, 46.0, 0.09375 
2.3040680522230446, -31.914, -0.22162500000000002, 1041.618, 42.0, 0.10416666666666666 
2.297176009709964, -32.264, -0.22405555555555556, 1066.916, 74.0, 0.11458333333333333 
2.290304583015915, -32.2, -0.22361111111111112, 1060.42, 49.5, 0.125 
2.283453710473839, -31.984, -0.22211111111111112, 1049.452, 129.5, 0.10416666666666666 
2.276623330601138, -31.73, -0.22034722222222222, 1029.758, 46.5, 0.125 
2.2698133820991235, -31.868, -0.22130555555555553, 1040.544, 46.0, 0.125 
2.2630238038524686, -32.06, -0.22263888888888891, 1050.764, 59.5, 0.125 
2.256254534928655, -32.446, -0.22531944444444443, 1078.818, 27.0, 0.125 
2.2495055145774305, -32.388, -0.22491666666666665, 1075.364, 47.0, 0.10416666666666666 
2.2427766822302613, -33.018, -0.22929166666666667, 1115.534, 45.5, 0.11458333333333333 
2.23606797749979, -31.672, -0.21994444444444444, 1028.016, 102.0, 0.11458333333333333 
2.229379340179291, -31.292, -0.21730555555555556, 1002.628, 47.0, 0.125 
2.222710710242135, -32.204, -0.2236388888888889, 1061.692, 23.0, 0.125 
2.216062027841245, -32.39, -0.22493055555555555, 1072.674, 36.5, 0.125 
2.2094332333085616, -32.208, -0.22366666666666665, 1065.2, 33.0, 0.125 
2.2028242671545093, -32.378, -0.22484722222222223, 1070.766, 82.0, 0.10416666666666666 
2.1962350700674587, -32.734, -0.22731944444444446, 1102.346, 35.5, 0.11458333333333333 
2.1896655829131966, -32.592, -0.22633333333333333, 1086.112, 57.5, 0.125 
2.183115746734397, -32.536, -0.22594444444444445, 1085.44, 33.0, 0.10416666666666666 
2.176585502750087, -32.566, -0.22615277777777779, 1084.566, 101.5, 0.10416666666666666 
2.170074792355125, -32.682, -0.22695833333333335, 1092.654, 108.5, 0.125 
2.16358355711967, -32.432, -0.22522222222222224, 1078.248, 53.0, 0.125 
2.15711173878866, -32.52, -0.22583333333333336, 1082.764, 32.0, 0.11458333333333333 
2.150659279281289, -32.196, -0.22358333333333333, 1063.78, 58.0, 0.11458333333333333 
2.1442261206904836, -31.854, -0.22120833333333334, 1038.51, 152.5, 0.125 
2.137812205282387, -32.892, -0.22841666666666668, 1109.616, 57.0, 0.125 
2.1314174754958364, -32.844, -0.22808333333333333, 1106.492, 41.0, 0.125 
2.1250418739418513, -32.702, -0.2270972222222222, 1092.078, 97.0, 0.11458333333333333 
2.1186853434031145, -33.198, -0.23054166666666667, 1126.982, 30.5, 0.125 
2.1123478268334597, -32.612, -0.22647222222222224, 1092.984, 48.5, 0.10416666666666666 
2.106029267357361, -32.312, -0.22438888888888886, 1065.436, 21.0, 0.125 
2.099729608269421, -32.838, -0.22804166666666667, 1104.61, 78.0, 0.11458333333333333 
2.093448793033862, -32.582, -0.2262638888888889, 1086.71, 34.0, 0.11458333333333333 
2.0871867652840193, -32.948, -0.22880555555555557, 1111.692, 38.0, 0.11458333333333333 
2.0809434688218347, -32.834, -0.2280138888888889, 1103.458, 84.5, 0.125 
2.074718847617352, -33.23, -0.23076388888888888, 1134.718, 102.0, 0.125 
2.068512845808216, -33.104, -0.2298888888888889, 1118.448, 50.0, 0.125 
2.0623254076991686, -33.312, -0.2313333333333333, 1138.072, 37.5, 0.09375 
2.05615647776155, -33.122, -0.23001388888888888, 1122.118, 13.0, 0.11458333333333333 
2.0500060006328007, -33.348, -0.23158333333333334, 1140.972, 37.5, 0.125 
2.0438739211159653, -33.12, -0.22999999999999998, 1122.748, 11.0, 0.125 
2.037760184179195, -33.584, -0.23322222222222225, 1156.364, 8.0, 0.11458333333333333 
2.031664734955256, -33.396, -0.23191666666666666, 1143.116, 47.0, 0.125 
2.025587518741035, -32.892, -0.22841666666666668, 1112.112, 31.5, 0.125 
2.01952848099705, -33.27, -0.2310416666666667, 1130.278, 41.5, 0.125 
2.0134875673469605, -33.436, -0.23219444444444445, 1150.992, 50.5, 0.125 
2.007464723577079, -33.422, -0.2320972222222222, 1139.27, 32.0, 0.125 
2.001459895635884, -33.164, -0.23030555555555557, 1124.492, 33.0, 0.125 
1.9954730296335366, -33.486, -0.23254166666666665, 1147.718, 18.5, 0.11458333333333333 
1.9895040718413952, -33.942, -0.23570833333333333, 1178.962, 43.5, 0.125 
1.9835529686915345, -33.452, -0.23230555555555554, 1141.304, 37.5, 0.125 
1.9776196667762636, -33.69, -0.23395833333333332, 1161.866, 51.5, 0.125 
1.9717041128476476, -33.738, -0.23429166666666668, 1165.974, 99.0, 0.125 
1.9658062538170296, -35.002, -0.24306944444444445, 1253.878, 28.5, 0.11458333333333333 
1.959926036754554, -33.518, -0.23276388888888888, 1149.698, 22.0, 0.125 
1.9540634088886912, -33.458, -0.2323472222222222, 1144.098, 110.0, 0.125 
1.9482183176057657, -34.22, -0.23763888888888887, 1196.436, 61.5, 0.125 
1.942390710449481, -33.312, -0.2313333333333333, 1135.924, 34.0, 0.11458333333333333 
1.9365805351204517, -33.562, -0.23306944444444444, 1152.054, 177.5, 0.11458333333333333 
1.9307877394757322, -33.806, -0.23476388888888888, 1165.254, 41.0, 0.125 
1.92501227152835, -33.774, -0.23454166666666668, 1170.406, 16.0, 0.125 
1.919254079446838, -34.594, -0.24023611111111112, 1223.374, 49.5, 0.11458333333333333 
1.91351311155477, -33.69, -0.23395833333333332, 1162.178, 30.0, 0.125 
1.9077893163302981, -33.532, -0.23286111111111107, 1151.936, 135.5, 0.125 
1.9020826424056874, -34.904, -0.2423888888888889, 1245.62, 86.0, 0.125 
1.896393038566858, -33.828, -0.2349166666666667, 1176.864, 79.0, 0.09375 
1.890720453752923, -34.426, -0.23906944444444445, 1213.506, 21.5, 0.125 
1.8850648370557321, -34.502, -0.23959722222222224, 1217.89, 88.5, 0.125 
1.8794261377194137, -34.108, -0.23686111111111108, 1185.26, 29.0, 0.125 
1.8738043051399207, -34.574, -0.2400972222222222, 1225.17, 49.5, 0.10416666666666666 
1.8681992888645733, -34.954, -0.24273611111111112, 1245.642, 95.5, 0.125 
1.8626110385916095, -34.334, -0.2384305555555556, 1207.526, 66.5, 0.125 
1.857039504169733, -35.218, -0.24456944444444448, 1272.75, 59.5, 0.10416666666666666 
1.851484635597662, -34.652, -0.2406388888888889, 1223.472, 54.5, 0.11458333333333333 
1.8459463830236795, -34.224, -0.23766666666666664, 1195.46, 11.5, 0.11458333333333333 
1.8404246967451896, -35.016, -0.24316666666666664, 1252.764, 45.5, 0.11458333333333333 
1.8349195272082683, -34.336, -0.23844444444444443, 1203.832, 58.0, 0.125 
1.82943082500722, -35.936, -0.24955555555555556, 1317.36, 10.0, 0.11458333333333333 
1.823958540884134, -34.548, -0.23991666666666667, 1219.504, 78.5, 0.125 
1.8185026257284418, -33.866, -0.23518055555555556, 1168.078, 54.5, 0.11458333333333333 
1.8130630305764766, -34.168, -0.23727777777777778, 1195.336, 15.5, 0.125 
1.807639706611036, -34.944, -0.2426666666666667, 1246.048, 38.5, 0.125 
1.8022326051609394, -34.804, -0.24169444444444446, 1238.336, 91.5, 0.07291666666666666 
1.7968416777005958, -35.312, -0.2452222222222222, 1276.916, 24.5, 0.11458333333333333 
1.7914668758495655, -35.02, -0.24319444444444446, 1255.428, 81.0, 0.125 
1.7861081513721273, -34.576, -0.2401111111111111, 1218.476, 65.5, 0.125 
1.7807654561768445, -34.53, -0.23979166666666668, 1218.962, 18.0, 0.125 
1.7754387423161337, -34.662, -0.24070833333333333, 1227.646, 21.5, 0.125 
1.7701279619858363, -34.838, -0.24193055555555557, 1241.166, 26.0, 0.11458333333333333 
1.7648330675247856, -35.422, -0.2459861111111111, 1278.446, 48.5, 0.125 
1.7595540114143828, -34.932, -0.24258333333333335, 1248.636, 114.0, 0.125 
1.754290746278169, -34.46, -0.23930555555555555, 1213.044, 62.5, 0.11458333333333333 
1.7490432248813996, -35.626, -0.24740277777777775, 1297.242, 105.5, 0.11458333333333333 
1.7438114001306213, -34.828, -0.24186111111111114, 1237.768, 84.5, 0.125 
1.7385952250732484, -34.754, -0.2413472222222222, 1233.242, 88.5, 0.09375 
1.7333946528971433, -35.68, -0.24777777777777776, 1297.716, 260.5, 0.125 
1.728209636930194, -35.574, -0.24704166666666666, 1292.27, 71.5, 0.10416666666666666 
1.7230401306398972, -34.862, -0.24209722222222224, 1239.51, 81.0, 0.125 
1.7178860876329396, -36.074, -0.25051388888888887, 1328.498, 73.0, 0.125 
1.7127474616547822, -35.924, -0.2494722222222222, 1312.276, 60.0, 0.125 
1.7076242065892442, -35.044, -0.24336111111111108, 1256.208, 49.5, 0.10416666666666666 
1.7025162764580903, -36.416, -0.2528888888888889, 1359.5, 85.5, 0.10416666666666666 
1.6974236254206176, -35.254, -0.24481944444444442, 1267.978, 78.5, 0.11458333333333333 
1.6923462077732443, -35.566, -0.24698611111111113, 1289.002, 20.0, 0.09375 
1.687283977949099, -35.968, -0.2497777777777778, 1318.116, 34.5, 0.125 
1.6822368905176122, -34.352, -0.23855555555555552, 1207.068, 91.5, 0.125 
1.6772049001841087, -35.724, -0.24808333333333332, 1301.888, 125.0, 0.125 
1.6721879617894015, -34.334, -0.2384305555555556, 1203.858, 147.0, 0.125 
1.6671860303093848, -35.864, -0.24905555555555553, 1313.828, 65.5, 0.11458333333333333 
1.6621990608546326, -36.276, -0.2519166666666667, 1349.884, 130.0, 0.125 
1.6572270086699936, -36.266, -0.2518472222222222, 1339.93, 225.0, 0.125 
1.6522698291341897, -35.558, -0.24693055555555554, 1291.734, 88.5, 0.125 
1.6473274777594173, -36.264, -0.25183333333333335, 1343.224, 20.0, 0.125 
1.6423999101909468, -36.856, -0.2559444444444445, 1383.464, 170.0, 0.125 
1.6374870822067233, -36.078, -0.25054166666666666, 1331.874, 50.5, 0.11458333333333333 
1.6325889497169732, -35.722, -0.24806944444444445, 1301.334, 75.5, 0.09375 
1.6277054687638046, -35.918, -0.24943055555555554, 1314.926, 22.5, 0.125 
1.6228365955208157, -36.43, -0.25298611111111113, 1351.91, 81.5, 0.125 
1.6179822862927002, -36.182, -0.2512638888888889, 1334.822, 36.5, 0.10416666666666666 
1.6131424975148547, -35.904, -0.24933333333333335, 1320.524, 87.5, 0.11458333333333333 
1.6083171857529897, -37.2, -0.25833333333333336, 1417.272, 22.5, 0.125 
1.603506307702737, -37.476, -0.26025, 1432.212, 64.0, 0.125 
1.5987098201892638, -36.958, -0.2566527777777778, 1391.078, 120.0, 0.125 
1.5939276801668834, -37.376, -0.25955555555555554, 1429.228, 67.0, 0.125 
1.5891598447186692, -37.1, -0.2576388888888889, 1405.796, 212.0, 0.11458333333333333 
1.584406271056071, -36.272, -0.2518888888888889, 1344.928, 54.0, 0.11458333333333333 
1.5796669165185282, -36.336, -0.2523333333333333, 1345.772, 26.0, 0.125 
1.5749417385730902, -37.098, -0.257625, 1410.65, 39.0, 0.11458333333333333 
1.5702306948140319, -37.73, -0.2620138888888889, 1455.446, 110.0, 0.0625 
1.5655337429624747, -36.824, -0.2557222222222222, 1389.736, 27.0, 0.11458333333333333 
1.560850840866007, -36.278, -0.25193055555555555, 1345.19, 44.5, 0.11458333333333333 
1.5561819464983047, -36.008, -0.2500555555555556, 1326.32, 36.0, 0.125 
1.5515270179587561, -37.976, -0.2637222222222222, 1469.556, 98.0, 0.10416666666666666 
1.5468860134720839, -36.764, -0.25530555555555556, 1386.232, 12.0, 0.125 
1.5422588913879711, -37.096, -0.25761111111111107, 1401.548, 73.0, 0.125 
1.537645610180688, -38.156, -0.2649722222222222, 1484.6, 67.5, 0.125 
1.5330461284487171, -37.022, -0.2570972222222222, 1401.134, 163.0, 0.09375 
1.5284604049143846, -36.842, -0.2558472222222222, 1380.39, 94.5, 0.11458333333333333 
1.5238883984234883, -37.04, -0.25722222222222224, 1395.992, 113.0, 0.125 
1.5193300679449282, -37.658, -0.2615138888888889, 1445.97, 57.5, 0.125 
1.5147853725703384, -37.67, -0.26159722222222226, 1452.934, 78.0, 0.125 
1.5102542715137202, -37.338, -0.2592916666666667, 1421.286, 42.0, 0.125 
1.5057367241110766, -37.05, -0.25729166666666664, 1399.562, 45.5, 0.11458333333333333 
1.5012326898200459, -36.83, -0.2557638888888889, 1379.266, 13.5, 0.125 
1.4967421282195394, -38.012, -0.2639722222222222, 1472.312, 76.0, 0.125 
1.492264999009378, -38.364, -0.26641666666666663, 1496.396, 65.0, 0.11458333333333333 
1.4878012620099295, -37.826, -0.2626805555555556, 1465.226, 65.5, 0.10416666666666666 
1.48335087716175, -37.702, -0.26181944444444444, 1449.762, 96.5, 0.11458333333333333 
1.4789138045252233, -37.994, -0.26384722222222223, 1472.626, 164.0, 0.125 
1.474490004280202, -36.884, -0.2561388888888889, 1387.24, 13.0, 0.125 
1.4700794367256513, -37.616, -0.26122222222222224, 1447.004, 103.0, 0.125 
1.4656820622792919, -37.996, -0.2638611111111111, 1471.616, 99.5, 0.125 
1.4612978414772446, -37.058, -0.2573472222222222, 1401.622, 24.5, 0.11458333333333333 
1.456926734973677, -38.216, -0.2653888888888889, 1491.036, 107.0, 0.125 
1.4525687035404498, -37.402, -0.2597361111111111, 1423.194, 114.0, 0.11458333333333333 
1.4482237080667648, -37.236, -0.25858333333333333, 1411.628, 156.0, 0.10416666666666666 
1.4438917095588137, -37.766, -0.26226388888888885, 1455.098, 252.5, 0.125 
1.4395726691394293, -37.286, -0.25893055555555555, 1416.106, 244.0, 0.125 
1.4352665480477342, -38.998, -0.27081944444444445, 1549.59, 74.5, 0.125 
1.430973307638796, -38.696, -0.2687222222222222, 1523.712, 185.5, 0.125 
1.4266929093832779, -38.932, -0.2703611111111111, 1546.364, 45.5, 0.11458333333333333 
1.4224253148670942, -38.936, -0.2703888888888889, 1547.236, 58.5, 0.125 
1.4181704857910662, -38.648, -0.2683888888888889, 1523.28, 292.0, 0.125 
1.413928383970576, -39.132, -0.27175, 1554.644, 68.0, 0.125 
1.4096989713352268, -38.136, -0.26483333333333337, 1484.712, 143.5, 0.11458333333333333 
1.405482209928499, -38.688, -0.26866666666666666, 1529.764, 71.5, 0.125 
1.4012780619074108, -37.884, -0.26308333333333334, 1465.56, 71.5, 0.125 
1.3970864895421784, -39.486, -0.27420833333333333, 1594.942, 254.0, 0.125 
1.3929074552158762, -39.418, -0.2737361111111111, 1585.466, 221.0, 0.125 
1.388740921424102, -38.904, -0.27016666666666667, 1544.14, 38.5, 0.125 
1.384586850774637, -39.698, -0.27568055555555554, 1607.262, 94.5, 0.125 
1.3804452059871126, -38.846, -0.26976388888888886, 1541.642, 73.5, 0.125 
1.3763159498926745, -39.062, -0.27126388888888886, 1554.846, 47.0, 0.125 
1.3721990454336506, -39.728, -0.2758888888888889, 1608.152, 92.5, 0.09375 
1.368094455663217, -39.436, -0.2738611111111111, 1584.736, 173.5, 0.125 
1.364002143745067, -40.684, -0.28252777777777777, 1689.016, 442.0, 0.125 
1.3599220729530805, -39.28, -0.2727777777777778, 1571.46, 92.0, 0.11458333333333333 
1.3558542066709947, -39.004, -0.2708611111111111, 1547.144, 83.5, 0.125 
1.3517985083920745, -39.316, -0.2730277777777778, 1567.872, 162.5, 0.125 
1.3477549417187862, -39.138, -0.27179166666666665, 1564.894, 102.5, 0.125 
1.3437234703624699, -39.228, -0.2724166666666667, 1568.248, 66.5, 0.125 
1.3397040581430142, -39.252, -0.27258333333333334, 1567.14, 121.0, 0.125 
1.3356966689885317, -38.398, -0.2666527777777778, 1507.202, 150.0, 0.125 
1.3317012669350345, -40.118, -0.2785972222222222, 1637.91, 275.0, 0.11458333333333333 
1.3277178161261123, -39.734, -0.27593055555555557, 1610.218, 46.0, 0.125 
1.32374628081261, -39.12, -0.27166666666666667, 1557.836, 53.5, 0.125 
1.3197866253523078, -40.842, -0.283625, 1702.386, 41.0, 0.125 
1.3158388142095998, -41.224, -0.28627777777777774, 1729.872, 114.5, 0.09375 
1.3119028119551766, -39.794, -0.2763472222222222, 1612.17, 188.5, 0.125 
1.3079785832657065, -40.788, -0.28325, 1696.912, 260.5, 0.09375 
1.3040660929235184, -40.0, -0.2777777777777778, 1625.156, 58.5, 0.11458333333333333 
1.3001653058162868, -40.358, -0.28026388888888887, 1658.43, 35.0, 0.11458333333333333 
1.2962761869367152, -39.602, -0.2750138888888889, 1594.926, 324.5, 0.11458333333333333 
1.2923987013822227, -40.8, -0.2833333333333333, 1691.936, 52.0, 0.11458333333333333 
1.2885328143546315, -41.136, -0.2856666666666667, 1722.108, 193.0, 0.125 
1.2846784911598528, -40.47, -0.28104166666666663, 1663.026, 53.0, 0.11458333333333333 
1.2808356972075772, -41.866, -0.2907361111111111, 1783.73, 103.0, 0.11458333333333333 
1.2770043980109633, -41.394, -0.2874583333333333, 1749.414, 143.5, 0.11458333333333333 
1.2731845591863287, -41.414, -0.2875972222222222, 1745.418, 98.5, 0.125 
1.2693761464528404, -39.59, -0.27493055555555557, 1596.03, 53.5, 0.11458333333333333 
1.2655791256322082, -41.628, -0.28908333333333336, 1766.588, 177.0, 0.10416666666666666 
1.2617934626483787, -41.864, -0.2907222222222222, 1783.6, 225.0, 0.11458333333333333 
1.2580191235272276, -40.646, -0.28226388888888887, 1681.978, 98.0, 0.125 
1.2542560743962556, -41.648, -0.28922222222222227, 1761.32, 221.5, 0.10416666666666666 
1.2505042814842848, -42.36, -0.2941666666666667, 1826.56, 252.5, 0.125 
1.2467637111211551, -41.518, -0.28831944444444446, 1757.678, 83.5, 0.10416666666666666 
1.2430343297374227, -42.266, -0.29351388888888885, 1817.49, 45.5, 0.10416666666666666 
1.2393161038640579, -41.302, -0.28681944444444446, 1731.598, 170.0, 0.125 
1.2356090001321451, -42.634, -0.29606944444444444, 1842.658, 123.0, 0.125 
1.2319129852725843, -41.568, -0.2886666666666666, 1763.292, 225.0, 0.125 
1.2282280261157905, -40.692, -0.28258333333333335, 1683.308, 134.5, 0.125 
1.2245540895913984, -42.51, -0.2952083333333333, 1839.686, 145.0, 0.125 
1.2208911427279636, -41.068, -0.2851944444444444, 1716.28, 1063.0, 0.11458333333333333 
1.2172391526526676, -41.606, -0.2889305555555556, 1756.326, 77.5, 0.11458333333333333 
1.2135980865910232, -42.486, -0.29504166666666665, 1835.954, 92.0, 0.10416666666666666 
1.2099679118665794, -41.426, -0.28768055555555555, 1746.498, 154.0, 0.10416666666666666 
1.2063485959006286, -42.762, -0.2969583333333333, 1862.146, 758.0, 0.11458333333333333 
1.2027401062119145, -43.474, -0.30190277777777774, 1924.318, 420.5, 0.125 
1.1991424104163402, -42.044, -0.2919722222222222, 1799.816, 211.0, 0.11458333333333333 
1.1955554762266778, -42.85, -0.29756944444444444, 1863.646, 753.0, 0.11458333333333333 
1.1919792714522786, -42.196, -0.2930277777777778, 1819.604, 136.5, 0.11458333333333333 
1.188413763998784, -42.624, -0.29600000000000004, 1846.3, 190.0, 0.125 
1.1848589218678376, -42.416, -0.2945555555555555, 1826.7, 224.5, 0.125 
1.1813147131567983, -43.034, -0.2988472222222222, 1882.466, 62.0, 0.125 
1.1777811060584535, -42.688, -0.29644444444444445, 1850.568, 82.0, 0.10416666666666666 
1.1742580688607345, -43.806, -0.3042083333333333, 1952.018, 172.0, 0.10416666666666666 
1.1707455699464302, -44.258, -0.3073472222222222, 1987.714, 2295.5, 0.125 
1.1672435777929056, -43.242, -0.3002916666666666, 1898.986, 18.5, 0.125 
1.163752060971817, -43.206, -0.3000416666666667, 1900.814, 493.0, 0.125 
1.1602709881488316, -42.002, -0.29168055555555555, 1796.866, 109.5, 0.125 
1.156800328083344, -43.498, -0.30206944444444445, 1931.91, 393.5, 0.11458333333333333 
1.1533400496281987, -44.382, -0.3082083333333333, 2003.738, 751.0, 0.125 
1.1498901217294082, -43.346, -0.30101388888888886, 1908.526, 51.5, 0.11458333333333333 
1.1464505134258756, -44.368, -0.3081111111111111, 1998.74, 143.0, 0.125 
1.1430211938491162, -42.22, -0.2931944444444444, 1809.164, 330.5, 0.125 
1.1396021322229806, -44.276, -0.30747222222222226, 1991.204, 252.0, 0.10416666666666666 
1.136193297863379, -42.528, -0.29533333333333334, 1843.076, 141.0, 0.10416666666666666 
1.1327946601780048, -42.6, -0.29583333333333334, 1845.308, 215.0, 0.125 
1.129406188666061, -43.358, -0.3010972222222222, 1912.21, 139.5, 0.125 
1.126027852917986, -45.13, -0.3134027777777778, 2065.326, 127.5, 0.11458333333333333 
1.1226596226151804, -46.06, -0.31986111111111115, 2156.264, 1635.5, 0.125 
1.119301467529736, -45.092, -0.31313888888888886, 2066.552, 126.0, 0.11458333333333333 
1.115953357524163, -44.694, -0.310375, 2028.226, 174.5, 0.125 
1.1126152625511212, -44.382, -0.3082083333333333, 2005.982, 41.5, 0.0625 
1.1092871526531491, -45.418, -0.31540277777777775, 2101.35, 38.0, 0.125 
1.1059689979623952, -44.912, -0.3118888888888889, 2064.064, 850.5, 0.10416666666666666 
1.1026607687003507, -43.754, -0.3038472222222222, 1946.382, 698.0, 0.125 
1.0993624351775815, -43.39, -0.3013194444444445, 1911.026, 58.5, 0.10416666666666666 
1.0960739677934614, -44.984, -0.3123888888888889, 2055.252, 759.5, 0.10416666666666666 
1.0927953370359087, -45.836, -0.31830555555555556, 2133.5, 637.0, 0.125 
1.0895265134811178, -44.802, -0.311125, 2038.374, 137.5, 0.125 
1.086267467793298, -45.036, -0.31275000000000003, 2060.364, 271.0, 0.125 
1.0830181707244095, -46.552, -0.3232777777777778, 2217.64, 65.0, 0.10416666666666666 
1.0797785931139001, -45.846, -0.31837499999999996, 2147.062, 440.0, 0.125 
1.0765487058884446, -46.548, -0.32325000000000004, 2209.568, 171.5, 0.125 
1.073328480061683, -46.04, -0.31972222222222224, 2159.468, 381.0, 0.10416666666666666 
1.0701178867339605, -45.56, -0.3163888888888889, 2105.828, 71.0, 0.125 
1.0669168970920693, -45.91, -0.31881944444444443, 2133.634, 69.0, 0.125 
1.063725482408988, -46.778, -0.32484722222222223, 2219.102, 139.0, 0.125 
1.0605436140436257, -45.57, -0.31645833333333334, 2105.126, 760.0, 0.125 
1.0573712634405643, -46.902, -0.3257083333333333, 2232.186, 343.0, 0.125 
1.0542084021298008, -45.89, -0.3186805555555556, 2146.226, 869.5, 0.125 
1.0510550017264944, -45.726, -0.31754166666666667, 2118.21, 86.5, 0.10416666666666666 
1.0479110339307098, -46.934, -0.32593055555555556, 2235.654, 75.0, 0.125 
1.0447764705271643, -46.696, -0.3242777777777778, 2214.92, 1362.0, 0.125 
1.0416512833849736, -46.566, -0.323375, 2201.498, 546.0, 0.125 
1.0385354444574004, -45.72, -0.3175, 2127.664, 1494.0, 0.125 
1.0354289257816018, -45.96, -0.31916666666666665, 2148.1, 556.5, 0.125 
1.032331699478379, -46.076, -0.3199722222222222, 2149.6, 196.0, 0.11458333333333333 
1.0292437377519268, -46.576, -0.3234444444444444, 2201.584, 557.5, 0.11458333333333333 
1.0261650128895843, -46.262, -0.3212638888888889, 2179.298, 131.0, 0.125 
1.0230954972615856, -46.348, -0.3218611111111111, 2175.608, 735.0, 0.11458333333333333 
1.020035163320813, -46.836, -0.32525, 2229.08, 439.5, 0.11458333333333333 
1.0169839836025483, -46.544, -0.3232222222222222, 2210.192, 1050.0, 0.125 
1.013941930724228, -47.628, -0.33075, 2304.484, 1972.0, 0.11458333333333333 
1.010908977385196, -47.388, -0.32908333333333334, 2279.68, 210.5, 0.11458333333333333 
1.0078850963664598, -46.898, -0.3256805555555556, 2230.538, 202.5, 0.11458333333333333 
1.0048702605304454, -48.292, -0.3353611111111111, 2369.12, 563.5, 0.125 
1.0018644428207537, -46.958, -0.3260972222222222, 2242.634, 219.0, 0.125 
0.9988676162619191, -47.452, -0.32952777777777775, 2289.144, 307.5, 0.125 
0.9958797539591652, -46.7, -0.32430555555555557, 2215.512, 187.5, 0.125 
0.9929008290981651, -48.308, -0.3354722222222222, 2375.456, 744.5, 0.125 
0.9899308149448005, -48.468, -0.33658333333333335, 2393.952, 933.0, 0.125 
0.9869696848449211, -48.564, -0.33725, 2389.636, 213.0, 0.10416666666666666 
0.9840174122241059, -48.246, -0.3350416666666667, 2369.566, 374.0, 0.125 
0.9810739705874247, -47.118, -0.3272083333333333, 2255.146, 151.0, 0.125 
0.9781393335192002, -46.97, -0.32618055555555553, 2233.674, 381.5, 0.09375 
0.9752134746827711, -48.276, -0.33525000000000005, 2366.916, 754.0, 0.125 
0.9722963678202555, -47.618, -0.3306805555555556, 2301.542, 5000.5, 0.40625 
0.9693879867523153, -49.546, -0.34406944444444443, 2486.994, 137.0, 0.11458333333333333 
0.9664883053779216, -47.668, -0.33102777777777775, 2306.836, 4038.5, 0.11458333333333333 
0.9635972976741201, -48.938, -0.33984722222222224, 2426.102, 2361.0, 0.125 
0.9607149376957971, -50.288, -0.3492222222222222, 2581.028, 247.0, 0.125 
0.9578411995754483, -47.91, -0.33270833333333333, 2331.254, 503.5, 0.125 
0.9549760575229448, -49.008, -0.3403333333333334, 2447.356, 399.5, 0.10416666666666666 
0.9521194858253024, -48.548, -0.3371388888888889, 2389.46, 616.0, 0.11458333333333333 
0.9492714588464511, -50.362, -0.34973611111111114, 2590.094, 1270.5, 0.11458333333333333 
0.9464319510270047, -49.738, -0.3454027777777778, 2500.746, 661.5, 0.10416666666666666 
0.9436009368840315, -48.884, -0.33947222222222223, 2437.424, 149.0, 0.125 
0.9407783910108256, -51.054, -0.3545416666666667, 2658.246, 1412.5, 0.11458333333333333 
0.9379642880766791, -49.918, -0.34665277777777775, 2530.498, 4584.5, 0.125 
0.935158602826654, -52.054, -0.3614861111111111, 2744.382, 260.0, 0.11458333333333333 
0.9323613100813568, -50.138, -0.34818055555555555, 2545.838, 708.0, 0.125 
0.9295723847367116, -49.744, -0.34544444444444444, 2515.476, 671.0, 0.125 
0.9267918017637347, -54.808, -0.3806111111111111, 3088.328, 412.0, 0.11458333333333333 
0.9240195362083109, -52.496, -0.3645555555555556, 2802.672, 2542.0, 0.10416666666666666 
0.9212555631909686, -48.9, -0.33958333333333335, 2430.156, 1213.0, 0.125 
0.9184998579066571, -50.906, -0.3535138888888889, 2632.446, 659.5, 0.125 
0.9157523956245237, -50.478, -0.3505416666666667, 2607.662, 1191.5, 0.125 
0.9130131516876918, -52.262, -0.36293055555555553, 2780.818, 224.0, 0.125 
0.9102821015130401, -51.062, -0.35459722222222223, 2651.546, 303.5, 0.125 
0.9075592205909808, -55.75, -0.3871527777777778, 3180.714, 2773.5, 0.11458333333333333 
0.904844484485241, -51.912, -0.3605, 2743.068, 605.0, 0.10416666666666666 
0.9021378688326425, -51.76, -0.35944444444444446, 2722.148, 2645.0, 0.125 
0.8994393493428836, -51.064, -0.3546111111111111, 2634.016, 5000.5, 0.40625 
0.8967489017983209, -50.174, -0.3484305555555556, 2549.526, 3902.5, 0.125 
0.8940665020537519, -50.12, -0.34805555555555556, 2544.2, 1768.5, 0.10416666666666666 
0.8913921260361988, -53.298, -0.37012500000000004, 2881.374, 224.0, 0.11458333333333333 
0.8887257497446914, -61.506, -0.427125, 3887.79, 1180.5, 0.11458333333333333 
0.8860673492500531, -53.482, -0.37140277777777775, 2902.058, 2973.0, 0.125 
0.8834169006946851, -54.148, -0.3760277777777778, 2973.104, 327.0, 0.11458333333333333 
0.8807743802923527, -50.642, -0.35168055555555555, 2600.326, 495.5, 0.09375 
0.8781397643279716, -52.066, -0.36156944444444444, 2742.074, 5000.5, 0.53125 
0.8755130291573956, -67.378, -0.4679027777777778, 4782.418, 903.0, 0.10416666666666666 
0.8728941512072036, -62.68, -0.43527777777777776, 4100.216, 5000.5, 1.0 
0.8702831069744887, -56.72, -0.3938888888888889, 3284.376, 842.5, 0.125 
0.8676798730266472, -53.49, -0.37145833333333333, 2909.606, 430.0, 0.10416666666666666 
0.8650844260011679, -52.39, -0.3638194444444445, 2773.566, 1212.5, 0.11458333333333333 
0.8624967426054229, -54.648, -0.3795, 3040.288, 2145.5, 0.11458333333333333 
0.8599167996164582, -53.104, -0.36877777777777776, 2866.432, 3079.5, 0.11458333333333333 
0.8573445738807857, -55.428, -0.38491666666666663, 3141.692, 5000.5, 0.5625 
0.8547800423141748, -56.238, -0.3905416666666667, 3231.114, 5000.5, 0.2708333333333333 
0.852223181901446, -55.2, -0.38333333333333336, 3110.156, 853.0, 0.125 
0.8496739696962636, -56.092, -0.38952777777777775, 3201.324, 196.5, 0.125 
0.8471323828209304, -53.358, -0.37054166666666666, 2884.998, 5000.5, 0.13541666666666666 
0.8445983984661818, -54.03, -0.37520833333333337, 2971.922, 3232.0, 0.125 
0.8420719938909816, -54.386, -0.3776805555555556, 2996.566, 5000.5, 0.5 
0.8395531464223177, -59.766, -0.41504166666666664, 3623.67, 1378.5, 0.11458333333333333 
0.8370418334549987, -59.816, -0.4153888888888889, 3650.272, 5000.5, 0.78125 
0.8345380324514506, -68.48, -0.47555555555555556, 4834.332, 5000.5, 0.26041666666666663 
0.8320417209415155, -73.2, -0.5083333333333333, 5425.548, 5000.5, 0.5625 
0.8295528765222488, -85.17, -0.5914583333333333, 7266.442, 5000.5, 0.7604166666666666 
0.8270714768577192, -86.444, -0.6003055555555555, 7482.644, 5000.5, 1.0 
0.8245974996788074, -81.084, -0.5630833333333334, 6602.668, 5000.5, 0.8958333333333333 
0.8221309227830064, -70.26, -0.4879166666666667, 5019.016, 5000.5, 0.7395833333333333 
0.8196717240342228, -56.778, -0.39429166666666665, 3253.046, 4065.0, 0.125 
0.8172198813625781, -61.092, -0.42425, 3810.74, 5000.5, 0.26041666666666663 
0.8147753727642093, -60.012, -0.41675, 3702.692, 5000.5, 0.5104166666666666 
0.8123381763010735, -78.184, -0.5429444444444445, 6127.552, 5000.5, 0.65625 
0.8099082701007494, -61.648, -0.4281111111111111, 3919.212, 5000.5, 0.3125 
0.8074856323562417, -58.064, -0.4032222222222222, 3423.232, 3064.5, 0.125 
0.805070241325785, -56.278, -0.39081944444444444, 3206.434, 124.5, 0.09375 
0.8026620753326495, -56.0, -0.3888888888888889, 3190.356, 2655.5, 0.125 
0.8002611127649455, -61.61, -0.4278472222222222, 3876.91, 3788.0, 0.125 
0.7978673320754299, -63.192, -0.43883333333333335, 4097.184, 5000.5, 0.9791666666666666 
0.7954807117813129, -69.536, -0.4828888888888889, 4923.744, 5000.5, 0.7708333333333333 
0.793101230464065, -83.276, -0.5783055555555555, 6954.656, 5000.5, 0.8229166666666666 
0.7907288667692248, -83.498, -0.5798472222222223, 6979.182, 5000.5, 0.8958333333333333 
0.7883635994062076, -84.12, -0.5841666666666667, 7085.988, 5000.5, 0.8229166666666666 
0.7860054071481142, -78.634, -0.5460694444444445, 6192.77, 5000.5, 1.0 
0.7836542688315398, -81.366, -0.5650416666666667, 6636.134, 5000.5, 1.0 
0.7813101633563856, -82.502, -0.5729305555555555, 6818.39, 5000.5, 0.7916666666666666 
0.7789730696856674, -80.474, -0.5588472222222223, 6493.91, 5000.5, 0.84375 
0.7766429668453287, -77.692, -0.5395277777777777, 6056.304, 5000.5, 1.0 
0.7743198339240511, -81.304, -0.5646111111111112, 6617.276, 5000.5, 0.625 
0.7720036500730676, -78.58, -0.5456944444444445, 6195.82, 5000.5, 0.7083333333333333 
0.7696943945059747, -80.482, -0.5589027777777777, 6490.43, 5000.5, 0.8333333333333333 
0.7673920464985462, -69.546, -0.4829583333333334, 5016.634, 5000.5, 0.8854166666666666 
0.7650965853885476, -60.664, -0.4212777777777778, 3732.74, 5000.5, 0.4375 
0.7628079905755502, -59.816, -0.4153888888888889, 3666.8, 5000.5, 0.3125 
0.760526241520746, -64.332, -0.44675, 4197.236, 5000.5, 0.25 
0.758251317746764, -63.564, -0.4414166666666667, 4124.136, 5000.5, 0.1875 
0.7559831988374861, -68.46, -0.4754166666666666, 4763.86, 5000.5, 0.8333333333333333 
0.7537218644378638, -67.836, -0.4710833333333333, 4658.516, 5000.5, 0.4895833333333333 
0.7514672942537357, -66.164, -0.4594722222222222, 4446.156, 5000.5, 0.6875 
0.7492194680516452, -68.19, -0.47354166666666664, 4711.914, 5000.5, 0.3125 
0.7469783656586592, -62.492, -0.4339722222222222, 3972.884, 5000.5, 0.1875 
0.7447439669621867, -68.412, -0.47508333333333336, 4738.54, 5000.5, 0.6041666666666666 
0.7425162519097985, -69.14, -0.4801388888888889, 4837.792, 5000.5, 0.20833333333333331 
0.7402952005090475, -74.578, -0.5179027777777778, 5577.826, 5000.5, 1.0 
0.7380807928272886, -81.412, -0.5653611111111112, 6638.288, 5000.5, 1.0 
0.7358730089915004, -82.47, -0.5727083333333334, 6808.218, 5000.5, 1.0 
0.7336718291881067, -81.176, -0.5637222222222222, 6602.156, 5000.5, 0.6875 
0.7314772336627985, -84.282, -0.5852916666666667, 7108.754, 5000.5, 0.90625 
0.729289202720357, -83.876, -0.5824722222222223, 7042.096, 5000.5, 1.0 
0.7271077167244768, -86.958, -0.6038749999999999, 7561.87, 5000.5, 1.0 
0.7249327560975894, -83.59, -0.5804861111111111, 7034.702, 5000.5, 1.0 
0.7227643013206879, -64.402, -0.4472361111111111, 4216.034, 5000.5, 0.23958333333333331 
0.7206023329331512, -74.222, -0.5154305555555555, 5525.578, 5000.5, 1.0 
0.7184468315325704, -70.132, -0.48702777777777784, 5024.556, 5000.5, 1.0 
0.7162977777745734, -80.952, -0.5621666666666667, 6558.552, 5000.5, 0.9375 
0.7141551523726525, -85.784, -0.5957222222222223, 7365.916, 5000.5, 1.0 
0.7120189360979903, -86.964, -0.6039166666666667, 7562.904, 5000.5, 1.0 
0.709889109779288, -86.906, -0.6035138888888889, 7552.906, 5000.5, 1.0 
0.7077656543025925, -86.888, -0.603388888888889, 7549.944, 5000.5, 1.0 
0.7056485506111259, -86.884, -0.6033611111111111, 7549.14, 5000.5, 1.0 
0.7035377797051132, -86.692, -0.6020277777777777, 7515.876, 5000.5, 1.0 
0.701433322641613, -85.96, -0.5969444444444444, 7389.28, 5000.5, 1.0 
0.6993351605343465, -85.978, -0.5970694444444444, 7392.338, 5000.5, 1.0 
0.697243274553529, -85.944, -0.5968333333333333, 7386.636, 5000.5, 1.0 
0.6951576459257001, -85.95, -0.596875, 7387.714, 5000.5, 1.0 
0.6930782559335552, -85.938, -0.5967916666666667, 7385.666, 5000.5, 1.0 
0.6910050859157785, -85.96, -0.5969444444444444, 7389.32, 5000.5, 1.0 
0.6889381172668743, -85.99, -0.5971527777777778, 7394.33, 5000.5, 1.0 
0.6868773314370011, -85.972, -0.5970277777777777, 7391.32, 5000.5, 0.8958333333333333 
0.6848227099318038, -86.8, -0.6027777777777777, 7535.26, 5000.5, 0.8541666666666666 
0.6827742343122494, -88.0, -0.6111111111111112, 7744.0, 5000.5, 1.0 
0.6807318861944601, -87.322, -0.6064027777777778, 7626.058, 5000.5, 1.0 
0.6786956472495491, -87.882, -0.6102916666666667, 7723.93, 5000.5, 1.0 
0.6766654992034558, -87.95, -0.6107638888888889, 7735.458, 5000.5, 1.0 
0.6746414238367816, -88.0, -0.6111111111111112, 7744.0, 5000.5, 1.0 
0.6726234029846274, -87.978, -0.6109583333333333, 7740.258, 5000.5, 1.0 
0.6706114185364292, -87.954, -0.6107916666666666, 7736.218, 5000.5, 1.0 
0.6686054524357964, -87.992, -0.6110555555555556, 7742.624, 5000.5, 1.0 
0.6666054866803496, -87.976, -0.6109444444444444, 7739.872, 5000.5, 1.0 
0.6646115033215589, -87.96, -0.6108333333333333, 7737.16, 5000.5, 1.0 
0.6626234844645833, -87.978, -0.6109583333333333, 7740.258, 5000.5, 1.0 
0.6606414122681091, -87.974, -0.6109305555555555, 7739.538, 5000.5, 1.0 
0.658665268944191, -87.984, -0.611, 7741.248, 5000.5, 1.0 
0.6566950367580916, -87.944, -0.6107222222222223, 7734.368, 5000.5, 1.0 
0.6547306980281227, -87.956, -0.6108055555555556, 7736.452, 5000.5, 1.0 
0.6527722351254861, -87.984, -0.611, 7741.248, 5000.5, 1.0 
0.6508196304741161, -87.976, -0.6109444444444444, 7739.872, 5000.5, 1.0 
0.6488728665505215, -87.624, -0.6084999999999999, 7678.272, 5000.5, 1.0 
0.6469319258836275, -87.264, -0.606, 7616.704, 5000.5, 1.0 
0.6449967910546204, -87.756, -0.6094166666666667, 7701.656, 5000.5, 0.4583333333333333 
0.6430674446967903, -87.79, -0.6096527777777778, 7707.562, 5000.5, 0.75 
0.6411438694953754, -87.734, -0.6092638888888888, 7697.77, 5000.5, 1.0 
0.6392260481874068, -87.75, -0.609375, 7700.666, 5000.5, 1.0 
0.6373139635615531, -87.754, -0.6094027777777778, 7701.286, 5000.5, 1.0 
0.6354075984579667, -87.794, -0.6096805555555556, 7708.262, 5000.5, 0.75 
0.6335069357681293, -87.76, -0.6094444444444445, 7702.368, 5000.5, 1.0 
0.6316119584346981, -87.808, -0.6097777777777779, 7710.652, 5000.5, 0.875 
0.6297226494513536, -87.768, -0.6095, 7703.748, 5000.5, 1.0 
0.627838991862646, -87.742, -0.6093194444444445, 7699.234, 5000.5, 1.0 
0.6259609687638439, -87.734, -0.6092638888888888, 7697.806, 5000.5, 1.0 
0.6240885633007816, -87.796, -0.6096944444444445, 7708.588, 5000.5, 1.0 
0.6222217586697089, -87.758, -0.6094305555555555, 7701.994, 5000.5, 0.8541666666666666 
0.6203605381171398, -87.788, -0.6096388888888888, 7707.236, 5000.5, 0.375 
0.6185048849397017, -87.762, -0.6094583333333333, 7702.682, 5000.5, 1.0 
0.6166547824839866, -87.814, -0.6098194444444444, 7711.73, 5000.5, 0.4583333333333333 
0.6148102141464006, -87.778, -0.6095694444444445, 7705.462, 5000.5, 1.0 
0.6129711633730153, -87.8, -0.6097222222222222, 7709.324, 5000.5, 1.0 
0.6111376136594192, -87.772, -0.6095277777777778, 7704.464, 5000.5, 1.0 
0.6093095485505697, -87.806, -0.6097638888888889, 7710.314, 5000.5, 1.0 
0.6074869516406457, -87.814, -0.6098194444444444, 7711.75, 5000.5, 0.4583333333333333 
0.6056698065728993, -87.796, -0.6096944444444445, 7708.696, 5000.5, 1.0 
0.6038580970395101, -87.742, -0.6093194444444445, 7699.23, 5000.5, 1.0 
0.6020518067814388, -87.824, -0.6098888888888889, 7713.428, 5000.5, 1.0 
0.60025091958828, -87.824, -0.6098888888888889, 7713.424, 5000.5, 1.0 
0.5984554192981185, -87.818, -0.6098472222222222, 7712.422, 5000.5, 1.0 
0.5966652897973832, -87.788, -0.6096388888888888, 7707.196, 5000.5, 0.4583333333333333 
0.5948805150207026, -87.776, -0.6095555555555555, 7705.184, 5000.5, 0.875 
0.5931010789507609, -87.814, -0.6098194444444444, 7711.746, 5000.5, 1.0 
0.5913269656181539, -87.748, -0.6093611111111111, 7700.228, 5000.5, 1.0 
0.589558159101246, -87.796, -0.6096944444444445, 7708.628, 5000.5, 0.875 
0.5877946435260272, -87.834, -0.6099583333333334, 7715.17, 5000.5, 1.0 
0.5860364030659705, -87.824, -0.6098888888888889, 7713.448, 5000.5, 1.0 
0.5842834219418901, -87.828, -0.6099166666666667, 7714.132, 5000.5, 1.0 
0.5825356844217997, -87.846, -0.6100416666666667, 7717.246, 5000.5, 1.0 
0.5807931748207713, -87.888, -0.6103333333333334, 7724.636, 5000.5, 1.0 
0.5790558775007941, -87.836, -0.6099722222222222, 7715.5, 5000.5, 1.0 
0.5773237768706352, -87.828, -0.6099166666666667, 7714.108, 5000.5, 1.0 
0.5755968573856982, -87.812, -0.6098055555555555, 7711.436, 5000.5, 1.0 
0.573875103547885, -87.852, -0.6100833333333333, 7718.296, 5000.5, 0.4583333333333333 
0.5721584999054558, -87.838, -0.6099861111111111, 7715.942, 5000.5, 1.0 
0.5704470310528912, -88.0, -0.6111111111111112, 7744.0, 5000.5, 1.0 
0.5687406816307532, -88.0, -0.6111111111111112, 7744.0, 5000.5, 1.0 
0.5670394363255481, -88.264, -0.6129444444444444, 7790.728, 5000.5, 1.0 
0.5653432798695881, -88.392, -0.6138333333333333, 7813.384, 5000.5, 1.0 
0.5636521970408557, -88.0, -0.6111111111111112, 7744.0, 5000.5, 1.0 
0.5619661726628652, -88.0, -0.6111111111111112, 7744.0, 5000.5, 1.0 
0.5602851916045284, -88.0, -0.6111111111111112, 7744.0, 5000.5, 1.0 
0.5586092387800178, -88.0, -0.6111111111111112, 7744.0, 5000.5, 1.0 
0.556938299148631, -88.0, -0.6111111111111112, 7744.0, 5000.5, 1.0 
0.5552723577146566, -88.0, -0.6111111111111112, 7744.0, 5000.5, 1.0 
0.5536113995272386, -88.0, -0.6111111111111112, 7744.0, 5000.5, 1.0 
0.5519554096802431, -88.0, -0.6111111111111112, 7744.0, 5000.5, 1.0 
0.5503043733121242, -87.538, -0.6079027777777778, 7664.074, 5000.5, 1.0 
0.5486582756057903, -88.0, -0.6111111111111112, 7744.0, 5000.5, 1.0 
0.5470171017884717, -88.0, -0.6111111111111112, 7744.0, 5000.5, 1.0 
0.5453808371315876, -88.0, -0.6111111111111112, 7744.0, 5000.5, 1.0 
0.5437494669506141, -88.0, -0.6111111111111112, 7744.0, 5000.5, 1.0 
0.5421229766049522, -88.0, -0.6111111111111112, 7744.0, 5000.5, 1.0 
0.540501351497797, -88.724, -0.6161388888888889, 7872.148, 5000.5, 1.0 
0.5388845770760058, -89.0, -0.6180555555555556, 7921.0, 5000.5, 1.0 
0.5372726388299683, -89.0, -0.6180555555555556, 7921.0, 5000.5, 1.0 
0.5356655222934761, -89.0, -0.6180555555555556, 7921.0, 5000.5, 1.0 
0.5340632130435925, -89.0, -0.6180555555555556, 7921.0, 5000.5, 1.0 
0.5324656967005237, -89.0, -0.6180555555555556, 7921.0, 5000.5, 1.0 
0.5308729589274894, -89.0, -0.6180555555555556, 7921.0, 5000.5, 1.0 
0.5292849854305941, -89.0, -0.6180555555555556, 7921.0, 5000.5, 1.0 
0.527701761958699, -89.0, -0.6180555555555556, 7921.0, 5000.5, 1.0 
0.5261232743032941, -89.0, -0.6180555555555556, 7921.0, 5000.5, 1.0 
0.5245495082983703, -89.0, -0.6180555555555556, 7921.0, 5000.5, 1.0 
0.5229804498202929, -89.0, -0.6180555555555556, 7921.0, 5000.5, 1.0 
0.5214160847876742, -89.0, -0.6180555555555556, 7921.0, 5000.5, 1.0 
0.5198563991612477, -88.99, -0.6179861111111111, 7919.27, 5000.5, 1.0 
0.5183013789437417, -89.0, -0.6180555555555556, 7921.0, 5000.5, 1.0 
0.516751010179754, -89.0, -0.6180555555555556, 7921.0, 5000.5, 1.0 
0.5152052789556263, -89.0, -0.6180555555555556, 7921.0, 5000.5, 1.0 
0.5136641713993196, -89.0, -0.6180555555555556, 7921.0, 5000.5, 1.0 
0.5121276736802896, -89.0, -0.6180555555555556, 7921.0, 5000.5, 1.0 
0.5105957720093627, -89.0, -0.6180555555555556, 7921.0, 5000.5, 1.0 
0.5090684526386122, -89.0, -0.6180555555555556, 7921.0, 5000.5, 1.0 
0.5075457018612345, -89.0, -0.6180555555555556, 7921.0, 5000.5, 1.0 
0.506027506011427, -89.0, -0.6180555555555556, 7921.0, 5000.5, 1.0 
0.5045138514642646, -89.0, -0.6180555555555556, 7921.0, 5000.5, 1.0 
0.5030047246355779, -89.0, -0.6180555555555556, 7921.0, 5000.5, 1.0 
0.5015001119818309, -89.0, -0.6180555555555556, 7921.0, 5000.5, 1.0 
0.5, -89.0, -0.6180555555555556, 7921.0, 5000.5, 1.0 
