Simulation:L=4&P_s=1.0&T_1=10.0&T_0=0.5&N_T=1000 
Temperature T, <E>(T), <-E/E_0>(T), <E^2>(T), Relaxation Iterations=tau(T), Final Configuration Correlation Function Value 
10.0, -23.722, -0.1647361111111111, 582.858, 3903.0, 0.11458333333333333 
9.970087504549047, -23.474, -0.1630138888888889, 569.938, 364.0, 0.125 
9.940264484836504, -23.456, -0.1628888888888889, 571.792, 3814.5, 0.125 
9.91053067321811, -23.436, -0.16275, 567.724, 3247.0, 0.125 
9.880885802850193, -23.168, -0.1608888888888889, 554.548, 5000.5, 0.25 
9.85132960768728, -23.368, -0.16227777777777777, 567.092, 2004.5, 0.11458333333333333 
9.8218618224797, -23.398, -0.1624861111111111, 569.398, 3105.5, 0.125 
9.79248218277122, -23.184, -0.161, 558.172, 3645.5, 0.11458333333333333 
9.763190424896651, -23.462, -0.16293055555555555, 571.306, 1681.0, 0.125 
9.733986285979501, -23.332, -0.16202777777777777, 562.664, 5000.5, 0.29166666666666663 
9.7048695039296, -23.464, -0.16294444444444445, 570.048, 2885.5, 0.125 
9.675839817440762, -23.08, -0.16027777777777777, 550.308, 952.0, 0.125 
9.646896965988427, -23.092, -0.1603611111111111, 553.76, 1044.5, 0.11458333333333333 
9.618040689827334, -23.648, -0.16422222222222221, 578.504, 724.0, 0.125 
9.58927072998918, -23.58, -0.16374999999999998, 574.344, 5000.5, 0.3125 
9.560586828280304, -23.224, -0.16127777777777777, 559.876, 286.5, 0.125 
9.531988727279366, -23.378, -0.16234722222222223, 567.362, 5000.5, 0.25 
9.503476170335038, -23.194, -0.16106944444444443, 557.714, 344.5, 0.125 
9.4750489015637, -23.398, -0.1624861111111111, 566.042, 845.0, 0.125 
9.446706665847142, -23.488, -0.1631111111111111, 571.432, 568.5, 0.125 
9.418449208830278, -23.448, -0.16283333333333333, 568.272, 1278.0, 0.125 
9.390276276918861, -22.958, -0.15943055555555555, 547.05, 2659.5, 0.125 
9.362187617277208, -23.4, -0.16249999999999998, 569.324, 1793.0, 0.125 
9.33418297782593, -23.158, -0.16081944444444446, 557.102, 2192.5, 0.125 
9.306262107239672, -23.522, -0.1633472222222222, 573.354, 377.0, 0.125 
9.278424754944854, -23.166, -0.160875, 555.382, 826.5, 0.125 
9.250670671117424, -23.6, -0.1638888888888889, 576.888, 355.5, 0.125 
9.222999606680618, -23.512, -0.16327777777777777, 575.496, 2256.0, 0.125 
9.19541131330272, -22.738, -0.15790277777777778, 535.538, 2120.0, 0.125 
9.16790554339484, -23.526, -0.163375, 572.566, 444.0, 0.125 
9.140482050108684, -23.144, -0.1607222222222222, 554.972, 2348.5, 0.11458333333333333 
9.113140587334344, -23.408, -0.16255555555555556, 567.144, 2636.0, 0.125 
9.08588090969809, -23.626, -0.16406944444444446, 576.67, 966.5, 0.125 
9.058702772560167, -23.696, -0.16455555555555557, 580.932, 2880.0, 0.125 
9.031605932012592, -23.378, -0.16234722222222223, 565.398, 492.5, 0.11458333333333333 
9.00459014487698, -23.064, -0.16016666666666668, 550.612, 538.0, 0.125 
8.977655168702347, -23.236, -0.16136111111111112, 559.052, 826.5, 0.125 
8.950800761762943, -23.382, -0.16237500000000002, 563.726, 860.5, 0.125 
8.92402668305608, -23.242, -0.16140277777777778, 558.95, 2332.0, 0.125 
8.897332692299972, -23.456, -0.1628888888888889, 568.504, 3483.0, 0.125 
8.870718549931567, -23.202, -0.16112500000000002, 557.63, 1284.5, 0.125 
8.844184017104416, -23.69, -0.1645138888888889, 579.01, 466.5, 0.125 
8.817728855686514, -23.17, -0.16090277777777778, 554.666, 236.5, 0.125 
8.791352828258168, -23.416, -0.16261111111111112, 568.192, 3794.5, 0.125 
8.765055698109869, -23.134, -0.16065277777777778, 554.342, 1604.5, 0.125 
8.738837229240163, -23.52, -0.16333333333333333, 571.268, 5000.5, 0.28125 
8.712697186353536, -23.176, -0.16094444444444445, 553.908, 1384.5, 0.125 
8.686635334858302, -23.318, -0.16193055555555558, 564.222, 5000.5, 0.22916666666666666 
8.660651440864498, -23.092, -0.1603611111111111, 552.088, 210.5, 0.125 
8.634745271181783, -23.568, -0.16366666666666668, 575.288, 665.0, 0.125 
8.608916593317348, -23.516, -0.16330555555555554, 571.104, 5000.5, 0.22916666666666666 
8.583165175473823, -23.468, -0.1629722222222222, 570.532, 5000.5, 0.2708333333333333 
8.557490786547211, -23.766, -0.16504166666666664, 583.258, 2986.0, 0.10416666666666666 
8.531893196124793, -23.218, -0.1612361111111111, 557.198, 5000.5, 0.1875 
8.506372174483083, -23.48, -0.16305555555555556, 570.956, 4504.5, 0.125 
8.48092749258575, -23.526, -0.163375, 571.674, 475.0, 0.125 
8.455558922081567, -23.372, -0.16230555555555556, 565.908, 290.5, 0.125 
8.430266235302364, -23.13, -0.160625, 554.758, 2790.0, 0.125 
8.405049205260983, -23.448, -0.16283333333333333, 569.832, 154.5, 0.125 
8.379907605649242, -23.522, -0.1633472222222222, 572.878, 4075.0, 0.125 
8.354841210835904, -23.316, -0.16191666666666665, 563.2, 1092.5, 0.125 
8.329849795864648, -23.184, -0.161, 556.368, 3937.0, 0.125 
8.304933136452055, -23.18, -0.1609722222222222, 556.1, 364.5, 0.125 
8.280091008985597, -23.516, -0.16330555555555554, 570.496, 2960.5, 0.11458333333333333 
8.25532319052162, -23.694, -0.16454166666666667, 580.67, 1432.5, 0.125 
8.230629458783358, -23.584, -0.16377777777777777, 577.148, 3844.0, 0.11458333333333333 
8.206009592158924, -23.236, -0.16136111111111112, 557.812, 1236.5, 0.125 
8.181463369699332, -23.452, -0.16286111111111112, 569.88, 5000.5, 0.21875 
8.156990571116506, -23.33, -0.16201388888888887, 563.154, 632.5, 0.125 
8.132590976781305, -23.508, -0.16325, 571.22, 689.0, 0.125 
8.108264367721562, -23.646, -0.16420833333333335, 578.046, 2311.0, 0.125 
8.084010525620103, -23.522, -0.1633472222222222, 572.582, 1744.0, 0.125 
8.059829232812795, -23.544, -0.1635, 574.072, 2182.5, 0.125 
8.0357202722866, -23.276, -0.1616388888888889, 561.244, 5000.5, 0.21875 
8.011683427677609, -23.662, -0.16431944444444443, 579.398, 3069.0, 0.125 
7.987718483269121, -23.316, -0.16191666666666665, 562.4, 5000.5, 0.25 
7.9638252239896925, -23.46, -0.16291666666666668, 570.86, 3500.0, 0.10416666666666666 
7.940003435411215, -23.456, -0.1628888888888889, 567.112, 550.0, 0.11458333333333333 
7.916252903746987, -23.436, -0.16275, 569.428, 5000.5, 0.3020833333333333 
7.892573415849792, -23.518, -0.16331944444444446, 570.49, 427.5, 0.125 
7.868964759210001, -23.786, -0.16518055555555555, 587.114, 322.0, 0.11458333333333333 
7.845426721953643, -23.462, -0.16293055555555555, 570.602, 5000.5, 0.20833333333333331 
7.821959092840522, -23.658, -0.16429166666666667, 579.198, 823.0, 0.125 
7.798561661262307, -23.306, -0.16184722222222223, 561.922, 5000.5, 0.19791666666666666 
7.775234217240659, -23.876, -0.16580555555555557, 590.42, 5000.5, 0.32291666666666663 
7.751976551425329, -23.2, -0.1611111111111111, 557.78, 892.5, 0.125 
7.728788455092289, -23.474, -0.1630138888888889, 569.902, 1120.0, 0.125 
7.705669720141857, -23.312, -0.1618888888888889, 563.432, 5000.5, 0.1875 
7.682620139096827, -23.598, -0.163875, 574.75, 164.5, 0.11458333333333333 
7.659639505100614, -23.916, -0.16608333333333333, 592.328, 333.0, 0.125 
7.636727611915388, -23.272, -0.1616111111111111, 561.484, 128.0, 0.125 
7.613884253920229, -23.444, -0.16280555555555554, 569.76, 1375.5, 0.125 
7.591109226109282, -23.24, -0.1613888888888889, 558.972, 892.0, 0.125 
7.568402324089913, -23.596, -0.16386111111111112, 573.832, 1570.5, 0.125 
7.545763344080881, -23.636, -0.1641388888888889, 579.604, 2581.5, 0.125 
7.523192082910502, -23.462, -0.16293055555555555, 567.998, 1523.0, 0.125 
7.500688338014832, -23.806, -0.16531944444444446, 586.554, 5000.5, 0.22916666666666666 
7.478251907435844, -23.734, -0.16481944444444446, 581.594, 3015.0, 0.125 
7.455882589819618, -23.738, -0.16484722222222223, 582.43, 259.5, 0.125 
7.433580184414536, -23.404, -0.16252777777777777, 567.248, 5000.5, 0.16666666666666666 
7.411344491069477, -23.5, -0.16319444444444445, 570.58, 5000.5, 0.26041666666666663 
7.389175310232021, -23.678, -0.16443055555555555, 581.062, 5000.5, 0.25 
7.367072442946661, -23.67, -0.16437500000000002, 579.702, 1984.0, 0.125 
7.345035690853012, -23.54, -0.1634722222222222, 573.388, 5000.5, 0.22916666666666666 
7.32306485618404, -23.254, -0.1614861111111111, 561.21, 567.5, 0.11458333333333333 
7.301159741764275, -23.428, -0.16269444444444445, 568.444, 1044.5, 0.125 
7.279320151008055, -23.674, -0.1644027777777778, 578.714, 1841.5, 0.125 
7.257545887917749, -23.572, -0.16369444444444445, 574.512, 4019.0, 0.125 
7.235836757082007, -23.684, -0.16447222222222224, 580.844, 2675.0, 0.125 
7.214192563674001, -23.728, -0.1647777777777778, 584.244, 5000.5, 0.1875 
7.192613113449681, -23.536, -0.16344444444444445, 576.528, 719.5, 0.125 
7.1710982127460285, -23.572, -0.16369444444444445, 575.508, 4209.5, 0.125 
7.149647668479319, -23.474, -0.1630138888888889, 570.534, 3033.5, 0.125 
7.128261288143388, -23.858, -0.16568055555555555, 589.214, 1944.0, 0.125 
7.10693887980791, -23.834, -0.16551388888888888, 588.938, 5000.5, 0.1875 
7.085680252116663, -23.562, -0.16362500000000002, 574.258, 5000.5, 0.26041666666666663 
7.0644852142858285, -23.626, -0.16406944444444446, 577.25, 464.0, 0.125 
7.043353576102263, -23.522, -0.1633472222222222, 572.462, 272.0, 0.11458333333333333 
7.022285147921803, -23.83, -0.1654861111111111, 589.174, 5000.5, 0.3125 
7.001279740667552, -23.594, -0.16384722222222223, 578.722, 5000.5, 0.20833333333333331 
6.980337165828195, -23.724, -0.16475, 579.704, 73.5, 0.125 
6.9594572354563, -23.982, -0.16654166666666667, 596.91, 2648.5, 0.125 
6.9386397621666305, -23.564, -0.1636388888888889, 575.152, 964.0, 0.125 
6.917884559134469, -23.684, -0.16447222222222224, 580.996, 3317.0, 0.125 
6.897191440093938, -24.052, -0.16702777777777778, 595.948, 834.0, 0.125 
6.876560219336321, -24.104, -0.1673888888888889, 600.412, 5000.5, 0.17708333333333331 
6.855990711708411, -23.768, -0.16505555555555557, 585.564, 795.0, 0.125 
6.835482732610836, -23.708, -0.1646388888888889, 580.436, 157.5, 0.125 
6.815036097996407, -23.748, -0.16491666666666668, 582.652, 2712.5, 0.125 
6.794650624368467, -23.842, -0.16556944444444444, 587.006, 821.0, 0.125 
6.774326128779244, -23.704, -0.16461111111111112, 580.888, 4769.5, 0.125 
6.754062428828204, -23.44, -0.1627777777777778, 568.084, 1746.5, 0.125 
6.733859342660428, -23.862, -0.16570833333333332, 589.57, 448.5, 0.125 
6.7137166889649595, -23.642, -0.16418055555555555, 577.87, 1559.0, 0.125 
6.693634286973193, -23.772, -0.16508333333333333, 584.708, 2365.0, 0.125 
6.6736119564572505, -23.972, -0.16647222222222224, 593.784, 1193.0, 0.125 
6.653649517728355, -24.046, -0.1669861111111111, 597.734, 4851.5, 0.125 
6.633746791635227, -23.892, -0.16591666666666666, 593.632, 3719.0, 0.125 
6.61390359956247, -23.984, -0.16655555555555557, 595.496, 2457.0, 0.125 
6.594119763428975, -23.542, -0.1634861111111111, 573.942, 5000.5, 0.21875 
6.574395105686315, -23.82, -0.16541666666666666, 587.324, 1142.0, 0.125 
6.554729449317154, -23.822, -0.16543055555555555, 587.278, 2109.0, 0.125 
6.535122617833661, -23.896, -0.16594444444444445, 591.208, 1797.0, 0.125 
6.515574435275924, -23.782, -0.1651527777777778, 582.63, 5000.5, 0.20833333333333331 
6.496084726210371, -23.692, -0.16452777777777777, 579.212, 294.0, 0.125 
6.476653315728194, -23.89, -0.1659027777777778, 590.918, 109.5, 0.125 
6.4572800294437815, -23.456, -0.1628888888888889, 569.068, 1421.5, 0.125 
6.4379646934931545, -23.59, -0.16381944444444443, 573.466, 5000.5, 0.3020833333333333 
6.418707134532403, -23.816, -0.1653888888888889, 586.232, 912.0, 0.125 
6.399507179736133, -23.662, -0.16431944444444443, 580.642, 5000.5, 0.23958333333333331 
6.380364656795914, -23.954, -0.16634722222222223, 594.366, 186.0, 0.125 
6.36127939391873, -23.472, -0.163, 572.0, 168.0, 0.125 
6.342251219825448, -23.972, -0.16647222222222224, 593.832, 1896.0, 0.125 
6.323279963749265, -24.51, -0.17020833333333335, 620.03, 4497.5, 0.125 
6.304365455434189, -23.95, -0.16631944444444444, 591.542, 5000.5, 0.25 
6.285507525133507, -24.23, -0.16826388888888888, 607.326, 376.0, 0.125 
6.266706003608259, -23.846, -0.16559722222222223, 587.378, 1710.5, 0.125 
6.247960722125719, -23.73, -0.16479166666666667, 581.106, 478.5, 0.125 
6.229271512457888, -23.884, -0.16586111111111113, 589.756, 2504.0, 0.125 
6.210638206879972, -24.136, -0.1676111111111111, 603.504, 5000.5, 0.23958333333333331 
6.192060638168892, -23.972, -0.16647222222222224, 593.892, 5000.5, 0.25 
6.173538639601767, -24.094, -0.16731944444444447, 599.986, 1128.0, 0.125 
6.155072044954429, -23.692, -0.16452777777777777, 579.632, 1383.0, 0.125 
6.136660688499931, -23.664, -0.16433333333333333, 579.28, 207.0, 0.125 
6.118304405007051, -24.102, -0.167375, 601.138, 5000.5, 0.1875 
6.100003029738819, -23.864, -0.16572222222222222, 588.56, 5000.5, 0.21875 
6.0817563984510326, -23.63, -0.16409722222222223, 579.442, 2715.5, 0.125 
6.063564347390786, -23.888, -0.1658888888888889, 591.384, 3104.5, 0.125 
6.045426713294997, -23.966, -0.16643055555555555, 594.346, 1753.0, 0.125 
6.027343333388946, -23.832, -0.1655, 587.688, 1528.0, 0.125 
6.009314045384814, -23.558, -0.16359722222222223, 574.158, 4128.5, 0.125 
5.991338687480221, -23.804, -0.16530555555555554, 586.44, 5000.5, 0.25 
5.9734170983567845, -24.108, -0.16741666666666666, 600.068, 460.0, 0.125 
5.955549117178661, -24.15, -0.16770833333333332, 601.278, 5000.5, 0.26041666666666663 
5.937734583591108, -24.06, -0.16708333333333333, 599.192, 2091.0, 0.11458333333333333 
5.9199733377190435, -23.716, -0.16469444444444445, 581.716, 4459.0, 0.125 
5.902265220165615, -23.958, -0.166375, 593.806, 90.5, 0.125 
5.884610072010763, -24.284, -0.1686388888888889, 610.668, 2727.5, 0.125 
5.867007734809798, -24.344, -0.16905555555555557, 613.3, 1091.0, 0.125 
5.849458050591977, -23.882, -0.16584722222222223, 589.946, 5000.5, 0.3125 
5.83196086185909, -23.888, -0.1658888888888889, 589.72, 184.5, 0.125 
5.81451601158404, -23.992, -0.16661111111111113, 595.28, 698.5, 0.125 
5.7971233432094404, -24.288, -0.16866666666666666, 608.112, 2874.5, 0.125 
5.779782700646204, -23.376, -0.16233333333333333, 564.892, 1700.5, 0.125 
5.762493928272146, -23.618, -0.16401388888888888, 577.37, 2667.0, 0.125 
5.745256870930588, -23.964, -0.16641666666666666, 591.688, 5000.5, 0.14583333333333331 
5.7280713739289615, -23.672, -0.1643888888888889, 579.816, 1205.5, 0.125 
5.710937283037422, -24.042, -0.16695833333333335, 597.878, 1424.0, 0.125 
5.693854444487469, -24.278, -0.1685972222222222, 611.518, 4724.0, 0.11458333333333333 
5.676822704970556, -24.134, -0.16759722222222223, 602.454, 767.5, 0.125 
5.659841911636727, -23.998, -0.1666527777777778, 595.554, 5000.5, 0.26041666666666663 
5.642911912093233, -23.732, -0.16480555555555554, 581.036, 1561.5, 0.125 
5.626032554403171, -24.204, -0.16808333333333333, 605.916, 2688.0, 0.125 
5.609203687084121, -24.046, -0.1669861111111111, 598.29, 834.5, 0.125 
5.592425159106784, -23.826, -0.16545833333333335, 586.546, 5000.5, 0.25 
5.5756968198936265, -24.134, -0.16759722222222223, 599.326, 348.5, 0.125 
5.55901851931753, -23.374, -0.16231944444444443, 564.166, 821.0, 0.125 
5.542390107700445, -23.964, -0.16641666666666666, 592.008, 5000.5, 0.2708333333333333 
5.525811435812046, -23.934, -0.16620833333333335, 591.438, 811.5, 0.125 
5.50928235486839, -23.826, -0.16545833333333335, 587.774, 1950.0, 0.125 
5.492802716530588, -24.27, -0.16854166666666667, 607.038, 346.0, 0.11458333333333333 
5.476372372903469, -24.208, -0.1681111111111111, 607.268, 853.0, 0.11458333333333333 
5.459991176534248, -24.03, -0.166875, 597.654, 2611.0, 0.11458333333333333 
5.443658980411215, -24.02, -0.16680555555555554, 595.756, 5000.5, 0.25 
5.427375637962407, -23.758, -0.1649861111111111, 585.534, 2046.5, 0.125 
5.411141003054291, -24.02, -0.16680555555555554, 595.668, 2107.0, 0.125 
5.394954929990458, -23.95, -0.16631944444444444, 594.334, 848.5, 0.125 
5.378817273510315, -23.98, -0.16652777777777777, 593.34, 5000.5, 0.28125 
5.362727888787776, -23.952, -0.16633333333333333, 593.176, 4925.0, 0.125 
5.34668663142997, -24.202, -0.16806944444444447, 605.138, 637.0, 0.125 
5.330693357475937, -24.086, -0.16726388888888888, 603.134, 2231.0, 0.125 
5.314747923395346, -23.956, -0.1663611111111111, 593.888, 654.0, 0.125 
5.298850186087193, -24.064, -0.1671111111111111, 597.812, 2351.0, 0.125 
5.2830000028785316, -23.806, -0.16531944444444446, 585.694, 5000.5, 0.1875 
5.267197231523183, -23.596, -0.16386111111111112, 574.416, 2269.0, 0.11458333333333333 
5.251441730200462, -24.42, -0.16958333333333334, 616.42, 2259.0, 0.125 
5.235733357513905, -23.94, -0.16625, 592.376, 1216.0, 0.125 
5.220071972490001, -23.802, -0.16529166666666667, 587.314, 910.5, 0.125 
5.204457434576925, -24.0, -0.16666666666666666, 595.836, 4366.5, 0.125 
5.18888960364328, -24.036, -0.16691666666666669, 598.092, 1206.5, 0.11458333333333333 
5.173368339976832, -24.1, -0.16736111111111113, 598.04, 5000.5, 0.23958333333333331 
5.157893504283266, -24.238, -0.16831944444444444, 606.634, 1431.5, 0.125 
5.142464957684929, -24.244, -0.1683611111111111, 610.468, 2704.5, 0.125 
5.127082561719584, -23.99, -0.1665972222222222, 596.01, 3335.5, 0.11458333333333333 
5.111746178339176, -24.026, -0.16684722222222223, 597.366, 2989.0, 0.125 
5.096455669908576, -24.068, -0.1671388888888889, 595.66, 1408.5, 0.125 
5.081210899204364, -24.188, -0.16797222222222222, 605.944, 1608.0, 0.125 
5.066011729413585, -24.344, -0.16905555555555557, 613.804, 83.0, 0.125 
5.05085802413253, -23.848, -0.1656111111111111, 586.8, 1726.5, 0.125 
5.035749647365502, -24.26, -0.16847222222222225, 609.44, 174.0, 0.125 
5.020686463523606, -23.964, -0.16641666666666666, 593.316, 3841.0, 0.125 
5.005668337423525, -23.958, -0.166375, 594.438, 421.5, 0.125 
4.990695134286309, -24.156, -0.16774999999999998, 602.672, 5000.5, 0.21875 
4.975766719736166, -24.374, -0.16926388888888888, 615.122, 818.0, 0.125 
4.960882959799254, -23.986, -0.16656944444444444, 594.238, 2920.0, 0.125 
4.946043720902484, -24.018, -0.16679166666666667, 596.994, 5000.5, 0.2708333333333333 
4.931248869872313, -24.326, -0.16893055555555556, 610.262, 5000.5, 0.25 
4.916498273933556, -24.278, -0.1685972222222222, 607.254, 614.5, 0.125 
4.901791800708191, -24.43, -0.16965277777777776, 616.51, 1499.0, 0.125 
4.88712931821417, -24.422, -0.16959722222222223, 618.078, 5000.5, 0.17708333333333331 
4.87251069486424, -24.378, -0.16929166666666667, 612.85, 401.5, 0.125 
4.857935799464755, -23.924, -0.1661388888888889, 590.48, 928.0, 0.125 
4.843404501214504, -24.194, -0.16801388888888888, 605.898, 870.0, 0.125 
4.828916669703534, -24.236, -0.16830555555555557, 606.772, 5000.5, 0.35416666666666663 
4.81447217491198, -23.828, -0.16547222222222221, 587.16, 1772.5, 0.125 
4.800070887208901, -24.046, -0.1669861111111111, 596.29, 891.0, 0.125 
4.785712677351112, -24.376, -0.16927777777777778, 616.02, 5000.5, 0.19791666666666666 
4.771397416482029, -24.12, -0.1675, 599.884, 4560.5, 0.125 
4.757124976130508, -24.444, -0.16974999999999998, 617.372, 2945.5, 0.125 
4.7428952282096954, -24.094, -0.16731944444444447, 598.666, 1902.5, 0.125 
4.728708045015879, -24.472, -0.16994444444444445, 617.672, 4892.5, 0.125 
4.714563299227336, -24.394, -0.16940277777777776, 615.522, 1122.0, 0.125 
4.7004608639032, -24.452, -0.16980555555555557, 619.148, 712.5, 0.125 
4.686400612482312, -24.752, -0.17188888888888887, 631.82, 5000.5, 0.2708333333333333 
4.67238241878209, -24.466, -0.1699027777777778, 615.63, 5000.5, 0.23958333333333331 
4.658406156997396, -24.024, -0.16683333333333333, 594.62, 4307.5, 0.125 
4.644471701699409, -24.844, -0.17252777777777778, 634.896, 5000.5, 0.23958333333333331 
4.630578927834492, -24.276, -0.16858333333333334, 607.896, 735.5, 0.125 
4.6167277107230795, -24.448, -0.16977777777777778, 617.204, 1217.5, 0.125 
4.60291792605855, -24.532, -0.1703611111111111, 623.24, 1152.0, 0.11458333333333333 
4.589149449906117, -24.65, -0.17118055555555556, 627.974, 577.5, 0.11458333333333333 
4.575422158701711, -24.274, -0.16856944444444444, 607.454, 5000.5, 0.19791666666666666 
4.561735929250875, -24.088, -0.16727777777777778, 598.464, 5000.5, 0.17708333333333331 
4.5480906387276585, -24.102, -0.167375, 600.35, 5000.5, 0.28125 
4.534486164673512, -24.598, -0.17081944444444444, 623.406, 980.0, 0.11458333333333333 
4.520922384996192, -24.648, -0.17116666666666666, 626.504, 824.0, 0.125 
4.507399177968661, -24.364, -0.16919444444444445, 613.692, 2871.0, 0.125 
4.493916422227999, -24.456, -0.16983333333333334, 617.424, 647.0, 0.125 
4.480473996774313, -23.926, -0.16615277777777776, 593.31, 5000.5, 0.23958333333333331 
4.4670717809696505, -24.738, -0.17179166666666668, 635.09, 5000.5, 0.21875 
4.453709654536917, -24.262, -0.16848611111111111, 606.53, 786.0, 0.125 
4.440387497558797, -24.42, -0.16958333333333334, 616.42, 5000.5, 0.2708333333333333 
4.427105190476677, -24.206, -0.16809722222222223, 606.898, 530.5, 0.125 
4.413862614089576, -24.54, -0.17041666666666666, 619.712, 129.5, 0.11458333333333333 
4.4006596495530665, -24.052, -0.16702777777777778, 596.284, 2474.5, 0.125 
4.387496178378222, -24.326, -0.16893055555555556, 611.058, 1096.5, 0.125 
4.374372082430541, -24.442, -0.16973611111111112, 616.394, 1631.5, 0.125 
4.361287243928892, -24.272, -0.16855555555555554, 608.748, 3122.5, 0.125 
4.34824154544446, -24.054, -0.16704166666666664, 601.382, 5000.5, 0.2708333333333333 
4.335234869899685, -24.196, -0.16802777777777778, 604.14, 769.5, 0.125 
4.322267100567217, -24.598, -0.17081944444444444, 624.794, 491.5, 0.11458333333333333 
4.309338121068864, -24.418, -0.16956944444444444, 617.558, 1020.0, 0.125 
4.296447815374556, -24.312, -0.16883333333333334, 607.556, 238.0, 0.125 
4.283596067801291, -24.182, -0.16793055555555556, 604.538, 1436.5, 0.125 
4.270782763012109, -24.064, -0.1671111111111111, 597.58, 5000.5, 0.32291666666666663 
4.258007786015048, -24.544, -0.17044444444444445, 624.016, 3793.0, 0.125 
4.245271022162118, -24.768, -0.17200000000000001, 631.888, 2257.5, 0.125 
4.232572357148269, -24.446, -0.1697638888888889, 615.838, 129.5, 0.125 
4.219911677010367, -24.658, -0.17123611111111112, 629.294, 1893.5, 0.125 
4.207288868126167, -23.938, -0.1662361111111111, 591.998, 5000.5, 0.25 
4.1947038172133, -24.398, -0.16943055555555556, 616.638, 2619.5, 0.125 
4.1821564113282514, -24.532, -0.1703611111111111, 622.356, 5000.5, 0.20833333333333331 
4.169646537865348, -24.262, -0.16848611111111111, 607.682, 3917.0, 0.125 
4.15717408455575, -24.45, -0.16979166666666667, 615.734, 238.0, 0.125 
4.144738939466441, -24.278, -0.1685972222222222, 608.674, 5000.5, 0.21875 
4.132340990999223, -24.162, -0.16779166666666667, 601.902, 2571.0, 0.125 
4.119980127889718, -24.276, -0.16858333333333334, 607.972, 2878.0, 0.125 
4.107656239206366, -24.404, -0.16947222222222222, 613.34, 403.5, 0.125 
4.095369214349432, -24.06, -0.16708333333333333, 598.024, 2344.0, 0.10416666666666666 
4.083118943050012, -24.226, -0.16823611111111111, 606.538, 2846.5, 0.125 
4.0709053153690435, -24.728, -0.17172222222222222, 630.46, 1452.0, 0.125 
4.05872822169632, -24.508, -0.17019444444444443, 620.528, 4411.5, 0.125 
4.046587552749506, -24.53, -0.17034722222222223, 622.474, 1675.0, 0.125 
4.034483199573156, -24.278, -0.1685972222222222, 610.31, 2508.5, 0.11458333333333333 
4.022415053537738, -24.54, -0.17041666666666666, 621.404, 5000.5, 0.25 
4.0103830063386585, -24.736, -0.17177777777777778, 632.068, 281.5, 0.125 
3.99838694999529, -24.396, -0.16941666666666666, 615.488, 2395.5, 0.125 
3.986426776850002, -24.692, -0.17147222222222222, 629.664, 3116.5, 0.125 
3.9745023795671934, -24.794, -0.17218055555555556, 634.158, 5000.5, 0.1875 
3.962613651132333, -24.78, -0.17208333333333334, 630.48, 1561.0, 0.125 
3.9507604848509947, -24.484, -0.17002777777777778, 617.236, 5000.5, 0.25 
3.938942774347904, -24.494, -0.17009722222222223, 619.042, 4898.0, 0.125 
3.9271604135659794, -24.922, -0.17306944444444444, 638.55, 2391.0, 0.125 
3.915413296765384, -24.284, -0.1686388888888889, 610.34, 1716.5, 0.125 
3.903701318522574, -24.462, -0.169875, 619.514, 628.0, 0.125 
3.892024373729355, -24.738, -0.17179166666666668, 630.854, 4487.0, 0.11458333333333333 
3.880382357591938, -24.506, -0.17018055555555556, 620.53, 3794.0, 0.125 
3.8687751656299953, -24.596, -0.17080555555555554, 625.324, 3651.5, 0.125 
3.857202693675728, -25.156, -0.17469444444444443, 653.78, 491.0, 0.125 
3.8456648378729303, -24.456, -0.16983333333333334, 616.284, 268.5, 0.125 
3.8341614946760543, -24.53, -0.17034722222222223, 620.43, 966.0, 0.125 
3.8226925608492826, -24.516, -0.17024999999999998, 624.104, 2632.5, 0.125 
3.811257933465603, -24.36, -0.16916666666666666, 612.008, 485.5, 0.125 
3.799857509905883, -24.706, -0.17156944444444444, 630.202, 939.5, 0.125 
3.78849118785795, -24.256, -0.16844444444444445, 607.364, 1083.0, 0.125 
3.7771588653156725, -24.962, -0.1733472222222222, 644.09, 806.5, 0.125 
3.7658604405780443, -24.38, -0.16930555555555554, 614.36, 1520.0, 0.125 
3.7545958122482723, -24.566, -0.1705972222222222, 623.238, 5000.5, 0.23958333333333331 
3.7433648792328684, -25.02, -0.17375, 645.836, 1080.5, 0.125 
3.732167540740737, -24.296, -0.16872222222222222, 609.404, 444.0, 0.125 
3.7210036962822772, -24.9, -0.17291666666666666, 638.768, 4866.0, 0.125 
3.7098732456684753, -24.51, -0.17020833333333335, 618.798, 1702.5, 0.125 
3.698776089010008, -24.74, -0.17180555555555554, 633.26, 2749.0, 0.125 
3.6877121267163475, -24.41, -0.16951388888888888, 615.402, 1200.5, 0.125 
3.6766812594948646, -24.484, -0.17002777777777778, 619.188, 897.5, 0.125 
3.6656833883499402, -24.492, -0.17008333333333334, 620.304, 5000.5, 0.22916666666666666 
3.654718414582075, -24.582, -0.17070833333333335, 624.23, 5000.5, 0.19791666666666666 
3.6437862397870053, -25.052, -0.17397222222222222, 647.88, 2772.0, 0.11458333333333333 
3.6328867658548174, -24.392, -0.1693888888888889, 613.376, 87.5, 0.125 
3.622019894969072, -25.248, -0.17533333333333334, 658.652, 5000.5, 0.20833333333333331 
3.611185529605919, -24.624, -0.17099999999999999, 624.892, 4560.0, 0.125 
3.6003835725332314, -25.024, -0.17377777777777778, 644.484, 726.5, 0.125 
3.5896139268097222, -25.002, -0.173625, 645.242, 3990.5, 0.125 
3.578876495784085, -24.664, -0.17127777777777778, 627.056, 2514.5, 0.125 
3.5681711830941194, -24.79, -0.17215277777777777, 635.93, 1577.5, 0.125 
3.5574978926658667, -24.858, -0.172625, 638.498, 4372.0, 0.125 
3.5468565287127523, -24.642, -0.171125, 627.734, 373.5, 0.125 
3.536246995734722, -25.102, -0.17431944444444444, 649.238, 5000.5, 0.26041666666666663 
3.5256691985173862, -24.796, -0.17219444444444443, 633.904, 5000.5, 0.21875 
3.5151230421311648, -24.926, -0.1730972222222222, 639.782, 2154.5, 0.125 
3.5046084319304356, -25.04, -0.17388888888888887, 646.548, 750.0, 0.125 
3.4941252735526867, -24.796, -0.17219444444444443, 634.92, 595.5, 0.11458333333333333 
3.483673472917666, -24.996, -0.1735833333333333, 644.088, 4513.5, 0.125 
3.4732529362265407, -24.464, -0.16988888888888887, 619.352, 5000.5, 0.1875 
3.462863569961052, -25.074, -0.174125, 649.87, 2184.0, 0.125 
3.452505280882679, -24.77, -0.17201388888888888, 634.002, 609.5, 0.125 
3.4421779760317994, -25.254, -0.175375, 657.678, 705.5, 0.125 
3.4318815627268573, -24.77, -0.17201388888888888, 632.794, 2167.5, 0.125 
3.4216159485635296, -24.846, -0.17254166666666668, 636.818, 3023.0, 0.11458333333333333 
3.4113810414138985, -24.684, -0.17141666666666666, 626.664, 5000.5, 0.23958333333333331 
3.4011767494256224, -24.758, -0.17193055555555556, 630.018, 1846.0, 0.125 
3.391002981021114, -24.666, -0.17129166666666668, 630.138, 1051.5, 0.125 
3.3808596448967174, -24.494, -0.17009722222222223, 620.73, 5000.5, 0.21875 
3.3707466500218897, -24.786, -0.172125, 634.534, 1511.5, 0.125 
3.3606639056383796, -24.554, -0.17051388888888888, 624.074, 2090.5, 0.125 
3.3506113212594206, -24.78, -0.17208333333333334, 635.236, 4100.5, 0.125 
3.3405888066689124, -25.036, -0.17386111111111113, 648.448, 5000.5, 0.21875 
3.330596271920614, -24.704, -0.17155555555555557, 631.184, 2827.0, 0.125 
3.320633627337335, -24.922, -0.17306944444444444, 642.082, 53.0, 0.125 
3.3107007835101343, -24.558, -0.17054166666666667, 623.122, 126.5, 0.125 
3.300797651297513, -24.594, -0.17079166666666667, 625.654, 3289.0, 0.125 
3.290924141824618, -24.872, -0.17272222222222222, 638.94, 1413.0, 0.125 
3.2810801664824414, -25.354, -0.17606944444444445, 662.158, 656.0, 0.125 
3.27126563692703, -24.726, -0.17170833333333332, 631.298, 4638.5, 0.125 
3.2614804650786855, -25.224, -0.17516666666666666, 656.284, 3785.5, 0.125 
3.251724563121182, -24.826, -0.1724027777777778, 632.654, 3425.5, 0.125 
3.2419978435009704, -24.676, -0.1713611111111111, 628.58, 4637.5, 0.125 
3.2323002189263983, -24.782, -0.17209722222222223, 633.242, 479.0, 0.125 
3.2226316023669233, -24.792, -0.1721666666666667, 636.032, 3492.0, 0.125 
3.2129919070523334, -25.106, -0.17434722222222224, 652.246, 5000.5, 0.22916666666666666 
3.203381046471968, -24.608, -0.1708888888888889, 624.016, 1451.5, 0.125 
3.193798934373942, -25.014, -0.17370833333333333, 645.794, 5000.5, 0.22916666666666666 
3.18424548476437, -24.746, -0.1718472222222222, 630.938, 484.0, 0.125 
3.1747206119065967, -25.312, -0.17577777777777778, 662.076, 5000.5, 0.23958333333333331 
3.165224230320427, -25.09, -0.17423611111111112, 650.93, 506.5, 0.11458333333333333 
3.1557562547813562, -25.166, -0.17476388888888889, 652.11, 667.0, 0.125 
3.1463166003198095, -25.23, -0.17520833333333333, 657.262, 238.0, 0.125 
3.1369051822203775, -24.908, -0.17297222222222222, 641.788, 2508.0, 0.125 
3.127521916021054, -25.138, -0.17456944444444444, 650.478, 3761.0, 0.125 
3.11816671751248, -24.932, -0.17313888888888887, 640.624, 209.0, 0.11458333333333333 
3.1088395027371893, -25.176, -0.1748333333333333, 652.956, 5000.5, 0.15625 
3.099540187988853, -25.082, -0.17418055555555556, 647.414, 1338.5, 0.125 
3.090268689811526, -24.786, -0.172125, 633.61, 5000.5, 0.28125 
3.0810249249989052, -25.114, -0.1744027777777778, 649.966, 5000.5, 0.22916666666666666 
3.0718088105935752, -24.868, -0.17269444444444443, 635.76, 2462.5, 0.125 
3.0626202638862674, -25.126, -0.17448611111111112, 650.902, 2254.5, 0.125 
3.053459202415118, -25.016, -0.17372222222222222, 645.732, 4361.0, 0.125 
3.044325543964926, -25.082, -0.17418055555555556, 648.746, 4096.5, 0.125 
3.0352192065664196, -25.646, -0.17809722222222224, 679.162, 3529.0, 0.125 
3.026140108495513, -25.366, -0.17615277777777777, 662.654, 4079.0, 0.11458333333333333 
3.0170881682725814, -25.174, -0.17481944444444444, 656.69, 2843.0, 0.125 
3.008063304661724, -25.052, -0.17397222222222222, 647.808, 1133.0, 0.125 
2.9990654366700364, -24.838, -0.17248611111111112, 636.974, 2810.5, 0.11458333333333333 
2.990094483546886, -25.12, -0.17444444444444446, 649.668, 552.0, 0.125 
2.9811503647831845, -25.016, -0.17372222222222222, 644.848, 4201.0, 0.11458333333333333 
2.9722330001106663, -24.72, -0.17166666666666666, 628.88, 647.5, 0.11458333333333333 
2.9633423095011677, -25.19, -0.17493055555555556, 657.094, 4918.5, 0.125 
2.9544782131659115, -25.138, -0.17456944444444444, 651.262, 5000.5, 0.23958333333333331 
2.945640631554785, -25.016, -0.17372222222222222, 646.232, 1822.0, 0.125 
2.9368294853556325, -25.082, -0.17418055555555556, 648.162, 5000.5, 0.21875 
2.9280446954935395, -25.27, -0.17548611111111112, 660.11, 5000.5, 0.26041666666666663 
2.919286183130126, -25.054, -0.1739861111111111, 647.422, 715.5, 0.125 
2.9105538696628352, -24.898, -0.17290277777777777, 638.166, 1117.0, 0.125 
2.9018476767242305, -24.68, -0.1713888888888889, 626.564, 3451.0, 0.125 
2.8931675261812932, -25.12, -0.17444444444444446, 653.4, 2281.0, 0.11458333333333333 
2.8845133401347196, -25.082, -0.17418055555555556, 648.73, 1032.5, 0.125 
2.87588504091822, -25.364, -0.1761388888888889, 665.856, 5000.5, 0.21875 
2.8672825510978273, -25.088, -0.17422222222222222, 651.008, 2395.5, 0.125 
2.8587057934711964, -25.298, -0.17568055555555553, 658.962, 4301.5, 0.125 
2.8501546910669138, -25.244, -0.17530555555555555, 659.848, 293.0, 0.125 
2.8416291671438088, -25.496, -0.17705555555555555, 670.296, 2341.0, 0.125 
2.8331291451902603, -25.206, -0.17504166666666665, 654.502, 4213.5, 0.125 
2.8246545489235135, -25.476, -0.17691666666666667, 667.832, 4915.5, 0.11458333333333333 
2.816205302288995, -24.938, -0.17318055555555556, 640.786, 115.0, 0.125 
2.8077813294596283, -25.016, -0.17372222222222222, 645.316, 5000.5, 0.3020833333333333 
2.7993825548351547, -25.02, -0.17375, 644.572, 5000.5, 0.19791666666666666 
2.7910089030414564, -25.02, -0.17375, 649.536, 1133.0, 0.125 
2.7826602989298763, -25.268, -0.17547222222222222, 660.98, 1810.5, 0.11458333333333333 
2.7743366675765477, -24.986, -0.17351388888888888, 643.174, 3481.0, 0.125 
2.7660379342817185, -24.678, -0.171375, 628.186, 4713.0, 0.125 
2.757764024569082, -25.46, -0.17680555555555555, 667.768, 1043.0, 0.125 
2.7495148641851097, -25.04, -0.17388888888888887, 647.188, 1927.5, 0.125 
2.7412903790983827, -25.216, -0.1751111111111111, 655.684, 1535.5, 0.125 
2.733090495498931, -25.184, -0.1748888888888889, 654.2, 3782.0, 0.125 
2.7249151397975653, -25.56, -0.1775, 674.396, 1136.0, 0.125 
2.7167642386252226, -25.368, -0.17616666666666667, 661.648, 5000.5, 0.28125 
2.7086377188323034, -25.31, -0.1757638888888889, 662.714, 5000.5, 0.16666666666666666 
2.700535507488019, -25.848, -0.1795, 688.352, 1228.0, 0.125 
2.6924575318797315, -25.73, -0.17868055555555556, 681.958, 2656.5, 0.125 
2.6844037195123076, -25.556, -0.17747222222222223, 673.296, 239.5, 0.125 
2.6763739981074646, -25.406, -0.17643055555555553, 666.722, 670.0, 0.125 
2.6683682956031207, -25.474, -0.17690277777777777, 671.07, 5000.5, 0.21875 
2.660386540152751, -25.418, -0.1765138888888889, 665.122, 5000.5, 0.25 
2.6524286601247415, -24.96, -0.17333333333333334, 641.66, 1045.0, 0.125 
2.644494584101746, -25.372, -0.17619444444444443, 663.628, 1965.0, 0.125 
2.6365842408800444, -25.576, -0.1776111111111111, 673.092, 719.5, 0.125 
2.6286975594689066, -25.542, -0.177375, 671.686, 5000.5, 0.20833333333333331 
2.620834469089952, -25.328, -0.17588888888888887, 660.068, 282.5, 0.125 
2.612994899176517, -25.528, -0.17727777777777776, 671.788, 666.0, 0.125 
2.6051787793730186, -25.402, -0.1764027777777778, 665.354, 400.0, 0.125 
2.5973860395343267, -25.406, -0.17643055555555553, 665.086, 1650.0, 0.125 
2.5896166097251334, -25.742, -0.1787638888888889, 681.59, 5000.5, 0.2708333333333333 
2.5818704202193214, -25.624, -0.17794444444444443, 677.336, 1718.5, 0.11458333333333333 
2.5741474014993453, -25.446, -0.17670833333333336, 668.274, 700.0, 0.125 
2.5664474842556024, -25.46, -0.17680555555555555, 668.312, 1529.0, 0.125 
2.5587705993858116, -25.388, -0.17630555555555558, 664.1, 5000.5, 0.22916666666666666 
2.5511166779943957, -25.466, -0.17684722222222224, 668.698, 5000.5, 0.3020833333333333 
2.54348565139186, -25.662, -0.17820833333333333, 678.994, 2270.5, 0.125 
2.5358774510941777, -25.658, -0.17818055555555556, 678.718, 340.0, 0.11458333333333333 
2.528292008822175, -25.55, -0.17743055555555556, 671.978, 1288.5, 0.125 
2.5207292565009176, -25.548, -0.17741666666666667, 672.26, 5000.5, 0.21875 
2.5131891262591006, -25.814, -0.1792638888888889, 686.142, 202.0, 0.125 
2.5056715504284393, -25.406, -0.17643055555555553, 662.958, 5000.5, 0.25 
2.4981764615430624, -25.536, -0.17733333333333334, 671.052, 1173.0, 0.125 
2.4907037923389037, -25.628, -0.17797222222222223, 678.904, 5000.5, 0.25 
2.483253475753103, -25.47, -0.176875, 666.314, 279.5, 0.125 
2.4758254449234003, -25.342, -0.1759861111111111, 660.002, 1722.5, 0.125 
2.468419633187538, -25.592, -0.17772222222222223, 676.004, 1190.0, 0.125 
2.461035974082661, -25.674, -0.17829166666666665, 680.214, 4094.0, 0.125 
2.4536744013447236, -25.64, -0.17805555555555555, 676.86, 659.5, 0.125 
2.446334848907889, -25.742, -0.1787638888888889, 683.154, 5000.5, 0.21875 
2.4390172509039427, -25.656, -0.17816666666666667, 678.888, 4506.0, 0.125 
2.4317215416616964, -25.644, -0.17808333333333332, 678.412, 2917.5, 0.11458333333333333 
2.4244476557064027, -25.606, -0.17781944444444445, 673.49, 490.5, 0.125 
2.4171955277591635, -25.624, -0.17794444444444443, 676.412, 157.0, 0.125 
2.4099650927363476, -25.454, -0.1767638888888889, 666.022, 1640.5, 0.125 
2.4027562857490046, -25.586, -0.17768055555555554, 675.322, 5000.5, 0.35416666666666663 
2.395569042102283, -25.89, -0.17979166666666668, 690.882, 5000.5, 0.17708333333333331 
2.38840329729485, -25.506, -0.177125, 668.618, 1912.5, 0.125 
2.3812589870183127, -25.84, -0.17944444444444443, 686.524, 750.0, 0.125 
2.37413604715664, -25.764, -0.17891666666666667, 685.324, 496.5, 0.125 
2.3670344137855883, -25.28, -0.17555555555555558, 660.728, 4349.0, 0.125 
2.3599540231721274, -25.43, -0.1765972222222222, 665.91, 4933.0, 0.125 
2.3528948117738677, -25.282, -0.17556944444444444, 662.138, 2186.5, 0.125 
2.345856716238492, -25.952, -0.18022222222222223, 694.06, 292.0, 0.10416666666666666 
2.3388396734031853, -25.872, -0.17966666666666667, 688.524, 1134.5, 0.125 
2.331843620294067, -25.376, -0.17622222222222222, 663.472, 2775.5, 0.125 
2.324868494125629, -25.596, -0.17775, 673.772, 3533.5, 0.125 
2.3179142323001694, -25.822, -0.17931944444444445, 686.742, 1125.0, 0.125 
2.3109807724072313, -25.946, -0.18018055555555557, 693.642, 245.5, 0.125 
2.3040680522230446, -25.514, -0.17718055555555556, 671.546, 5000.5, 0.22916666666666666 
2.297176009709964, -25.79, -0.1790972222222222, 685.174, 5000.5, 0.25 
2.290304583015915, -25.836, -0.17941666666666667, 689.004, 2726.0, 0.125 
2.283453710473839, -25.288, -0.1756111111111111, 659.924, 2751.5, 0.125 
2.276623330601138, -25.772, -0.1789722222222222, 684.688, 2334.5, 0.125 
2.2698133820991235, -25.804, -0.17919444444444443, 684.964, 2375.5, 0.125 
2.2630238038524686, -25.712, -0.17855555555555555, 684.812, 4519.5, 0.125 
2.256254534928655, -25.956, -0.18025, 694.504, 1045.0, 0.125 
2.2495055145774305, -25.576, -0.1776111111111111, 676.536, 5000.5, 0.2708333333333333 
2.2427766822302613, -25.816, -0.17927777777777776, 687.164, 5000.5, 0.22916666666666666 
2.23606797749979, -25.79, -0.1790972222222222, 682.93, 385.5, 0.125 
2.229379340179291, -25.898, -0.17984722222222221, 689.354, 4365.0, 0.125 
2.222710710242135, -26.056, -0.18094444444444446, 698.496, 5000.5, 0.26041666666666663 
2.216062027841245, -25.988, -0.18047222222222223, 695.94, 1415.5, 0.125 
2.2094332333085616, -25.648, -0.1781111111111111, 680.676, 3506.5, 0.125 
2.2028242671545093, -25.952, -0.18022222222222223, 694.748, 117.0, 0.125 
2.1962350700674587, -25.572, -0.17758333333333332, 672.4, 828.5, 0.125 
2.1896655829131966, -25.564, -0.17752777777777778, 673.028, 5000.5, 0.29166666666666663 
2.183115746734397, -26.016, -0.18066666666666664, 697.324, 3532.0, 0.125 
2.176585502750087, -26.066, -0.1810138888888889, 700.998, 3848.5, 0.125 
2.170074792355125, -25.89, -0.17979166666666668, 691.274, 5000.5, 0.22916666666666666 
2.16358355711967, -26.358, -0.18304166666666666, 714.986, 2750.0, 0.125 
2.15711173878866, -25.654, -0.17815277777777777, 675.51, 3040.5, 0.125 
2.150659279281289, -25.814, -0.1792638888888889, 686.45, 5000.5, 0.28125 
2.1442261206904836, -25.97, -0.18034722222222221, 695.054, 5000.5, 0.21875 
2.137812205282387, -25.634, -0.1780138888888889, 674.866, 2640.5, 0.125 
2.1314174754958364, -25.842, -0.17945833333333333, 688.754, 1487.0, 0.125 
2.1250418739418513, -25.962, -0.18029166666666666, 693.538, 1824.0, 0.11458333333333333 
2.1186853434031145, -25.922, -0.1800138888888889, 690.194, 469.5, 0.125 
2.1123478268334597, -26.072, -0.18105555555555555, 700.436, 827.5, 0.125 
2.106029267357361, -25.458, -0.17679166666666665, 670.29, 766.5, 0.125 
2.099729608269421, -26.274, -0.18245833333333333, 711.422, 4633.5, 0.125 
2.093448793033862, -26.056, -0.18094444444444446, 700.012, 1200.0, 0.125 
2.0871867652840193, -26.036, -0.18080555555555555, 697.876, 817.0, 0.125 
2.0809434688218347, -26.01, -0.180625, 694.43, 2191.0, 0.125 
2.074718847617352, -25.844, -0.17947222222222223, 690.416, 2779.0, 0.125 
2.068512845808216, -25.996, -0.18052777777777776, 693.472, 3164.0, 0.11458333333333333 
2.0623254076991686, -25.744, -0.17877777777777779, 683.612, 536.0, 0.125 
2.05615647776155, -26.084, -0.18113888888888888, 699.568, 5000.5, 0.23958333333333331 
2.0500060006328007, -25.728, -0.17866666666666667, 679.916, 2197.5, 0.125 
2.0438739211159653, -25.91, -0.17993055555555557, 693.298, 1189.5, 0.125 
2.037760184179195, -25.828, -0.1793611111111111, 683.736, 2606.5, 0.125 
2.031664734955256, -25.454, -0.1767638888888889, 667.53, 769.0, 0.125 
2.025587518741035, -25.712, -0.17855555555555555, 680.3, 5000.5, 0.26041666666666663 
2.01952848099705, -26.156, -0.18163888888888888, 704.752, 1169.0, 0.125 
2.0134875673469605, -25.864, -0.1796111111111111, 689.184, 3516.0, 0.125 
2.007464723577079, -26.056, -0.18094444444444446, 697.532, 1479.0, 0.125 
2.001459895635884, -26.318, -0.1827638888888889, 713.806, 1530.0, 0.125 
1.9954730296335366, -26.006, -0.18059722222222221, 694.442, 5000.5, 0.22916666666666666 
1.9895040718413952, -26.402, -0.18334722222222222, 716.918, 110.5, 0.125 
1.9835529686915345, -26.056, -0.18094444444444446, 697.8, 1642.0, 0.125 
1.9776196667762636, -26.042, -0.18084722222222224, 699.97, 5000.5, 0.19791666666666666 
1.9717041128476476, -26.044, -0.1808611111111111, 698.468, 1175.5, 0.125 
1.9658062538170296, -26.176, -0.18177777777777776, 705.072, 5000.5, 0.26041666666666663 
1.959926036754554, -26.38, -0.18319444444444444, 716.036, 2131.0, 0.125 
1.9540634088886912, -26.034, -0.18079166666666666, 698.302, 5000.5, 0.26041666666666663 
1.9482183176057657, -26.132, -0.18147222222222223, 703.696, 357.0, 0.125 
1.942390710449481, -25.788, -0.17908333333333334, 684.392, 3157.5, 0.125 
1.9365805351204517, -25.982, -0.18043055555555554, 694.022, 475.0, 0.125 
1.9307877394757322, -25.924, -0.1800277777777778, 691.836, 1024.5, 0.11458333333333333 
1.92501227152835, -25.996, -0.18052777777777776, 697.34, 5000.5, 0.20833333333333331 
1.919254079446838, -26.092, -0.18119444444444444, 699.7, 612.0, 0.125 
1.91351311155477, -25.834, -0.17940277777777777, 688.374, 1613.5, 0.125 
1.9077893163302981, -26.282, -0.1825138888888889, 713.53, 568.5, 0.125 
1.9020826424056874, -25.846, -0.17948611111111112, 688.354, 158.5, 0.125 
1.896393038566858, -26.114, -0.18134722222222222, 702.446, 4079.5, 0.125 
1.890720453752923, -26.112, -0.18133333333333332, 699.724, 2421.5, 0.125 
1.8850648370557321, -26.35, -0.18298611111111113, 715.098, 979.0, 0.125 
1.8794261377194137, -25.684, -0.1783611111111111, 679.028, 452.5, 0.125 
1.8738043051399207, -26.262, -0.182375, 711.07, 124.0, 0.125 
1.8681992888645733, -26.396, -0.18330555555555555, 718.204, 805.0, 0.125 
1.8626110385916095, -25.89, -0.17979166666666668, 691.402, 5000.5, 0.21875 
1.857039504169733, -26.35, -0.18298611111111113, 715.466, 964.5, 0.125 
1.851484635597662, -25.794, -0.179125, 689.494, 2158.0, 0.125 
1.8459463830236795, -26.086, -0.18115277777777777, 701.738, 2208.5, 0.125 
1.8404246967451896, -26.492, -0.18397222222222223, 721.344, 377.5, 0.125 
1.8349195272082683, -26.1, -0.18125000000000002, 700.028, 3733.5, 0.125 
1.82943082500722, -25.9, -0.1798611111111111, 690.428, 929.0, 0.125 
1.823958540884134, -25.874, -0.17968055555555554, 691.062, 5000.5, 0.15625 
1.8185026257284418, -26.294, -0.18259722222222222, 711.166, 3926.0, 0.125 
1.8130630305764766, -26.258, -0.18234722222222222, 714.31, 1297.0, 0.125 
1.807639706611036, -26.142, -0.18154166666666666, 704.302, 2240.5, 0.125 
1.8022326051609394, -26.366, -0.18309722222222222, 717.594, 370.5, 0.125 
1.7968416777005958, -26.058, -0.18095833333333333, 698.626, 2580.5, 0.125 
1.7914668758495655, -26.064, -0.181, 697.616, 541.5, 0.125 
1.7861081513721273, -26.11, -0.18131944444444445, 702.642, 1526.5, 0.125 
1.7807654561768445, -26.96, -0.18722222222222223, 750.3, 5000.5, 0.21875 
1.7754387423161337, -26.372, -0.18313888888888888, 717.796, 5000.5, 0.21875 
1.7701279619858363, -26.42, -0.18347222222222223, 716.88, 2132.5, 0.125 
1.7648330675247856, -26.248, -0.1822777777777778, 713.476, 2859.0, 0.125 
1.7595540114143828, -26.266, -0.18240277777777777, 706.914, 1646.0, 0.10416666666666666 
1.754290746278169, -26.614, -0.18481944444444445, 729.586, 4981.0, 0.125 
1.7490432248813996, -26.236, -0.18219444444444444, 710.5, 4049.0, 0.125 
1.7438114001306213, -26.162, -0.18168055555555554, 702.734, 3274.5, 0.125 
1.7385952250732484, -26.194, -0.18190277777777777, 707.506, 209.0, 0.125 
1.7333946528971433, -26.178, -0.18179166666666668, 705.254, 3019.5, 0.125 
1.728209636930194, -26.38, -0.18319444444444444, 714.48, 1737.0, 0.125 
1.7230401306398972, -26.618, -0.18484722222222222, 728.402, 3091.0, 0.125 
1.7178860876329396, -25.976, -0.18038888888888888, 694.856, 1191.5, 0.125 
1.7127474616547822, -26.548, -0.1843611111111111, 726.436, 249.5, 0.11458333333333333 
1.7076242065892442, -26.102, -0.1812638888888889, 699.922, 5000.5, 0.20833333333333331 
1.7025162764580903, -26.556, -0.18441666666666667, 725.352, 466.5, 0.11458333333333333 
1.6974236254206176, -26.02, -0.18069444444444444, 698.0, 1850.5, 0.125 
1.6923462077732443, -26.478, -0.183875, 723.094, 1718.5, 0.125 
1.687283977949099, -26.416, -0.18344444444444444, 717.172, 960.0, 0.125 
1.6822368905176122, -26.082, -0.181125, 699.818, 786.5, 0.125 
1.6772049001841087, -26.264, -0.18238888888888888, 709.192, 167.0, 0.11458333333333333 
1.6721879617894015, -26.394, -0.18329166666666666, 715.022, 1105.0, 0.125 
1.6671860303093848, -26.36, -0.18305555555555555, 714.2, 5000.5, 0.2708333333333333 
1.6621990608546326, -26.236, -0.18219444444444444, 709.036, 5000.5, 0.25 
1.6572270086699936, -25.914, -0.17995833333333333, 688.814, 456.0, 0.125 
1.6522698291341897, -26.61, -0.18479166666666666, 727.558, 5000.5, 0.26041666666666663 
1.6473274777594173, -26.34, -0.18291666666666667, 712.664, 5000.5, 0.21875 
1.6423999101909468, -26.242, -0.18223611111111113, 709.13, 2801.5, 0.125 
1.6374870822067233, -26.904, -0.18683333333333332, 744.5, 5000.5, 0.1875 
1.6325889497169732, -26.592, -0.18466666666666665, 729.872, 2269.5, 0.125 
1.6277054687638046, -26.38, -0.18319444444444444, 715.248, 4323.5, 0.125 
1.6228365955208157, -26.036, -0.18080555555555555, 698.808, 1562.5, 0.125 
1.6179822862927002, -26.156, -0.18163888888888888, 703.932, 1247.0, 0.125 
1.6131424975148547, -26.428, -0.1835277777777778, 718.132, 4924.0, 0.125 
1.6083171857529897, -26.268, -0.18241666666666667, 708.476, 1035.5, 0.125 
1.603506307702737, -26.334, -0.182875, 712.97, 2823.5, 0.11458333333333333 
1.5987098201892638, -26.61, -0.18479166666666666, 729.514, 2938.0, 0.125 
1.5939276801668834, -26.382, -0.18320833333333333, 716.494, 5000.5, 0.3125 
1.5891598447186692, -26.058, -0.18095833333333333, 699.262, 83.5, 0.125 
1.584406271056071, -26.426, -0.18351388888888887, 719.666, 331.5, 0.125 
1.5796669165185282, -26.494, -0.1839861111111111, 720.434, 2699.5, 0.125 
1.5749417385730902, -26.364, -0.18308333333333335, 715.368, 2563.5, 0.125 
1.5702306948140319, -26.92, -0.18694444444444447, 747.088, 871.5, 0.125 
1.5655337429624747, -26.488, -0.18394444444444444, 722.408, 4736.0, 0.125 
1.560850840866007, -26.71, -0.18548611111111113, 733.042, 5000.5, 0.26041666666666663 
1.5561819464983047, -26.344, -0.18294444444444447, 714.408, 1541.5, 0.11458333333333333 
1.5515270179587561, -26.628, -0.18491666666666667, 732.168, 3587.5, 0.125 
1.5468860134720839, -26.726, -0.18559722222222222, 732.466, 3094.5, 0.125 
1.5422588913879711, -26.516, -0.18413888888888888, 723.912, 2529.5, 0.125 
1.537645610180688, -26.38, -0.18319444444444444, 714.704, 5000.5, 0.2708333333333333 
1.5330461284487171, -26.702, -0.18543055555555557, 733.778, 1618.0, 0.125 
1.5284604049143846, -26.358, -0.18304166666666666, 716.61, 1277.0, 0.125 
1.5238883984234883, -26.606, -0.1847638888888889, 727.078, 976.0, 0.125 
1.5193300679449282, -26.698, -0.18540277777777778, 732.234, 542.5, 0.125 
1.5147853725703384, -26.486, -0.18393055555555557, 723.366, 5000.5, 0.19791666666666666 
1.5102542715137202, -26.422, -0.18348611111111113, 718.094, 470.0, 0.125 
1.5057367241110766, -26.392, -0.18327777777777776, 718.42, 4298.5, 0.125 
1.5012326898200459, -26.808, -0.18616666666666667, 739.296, 4801.5, 0.125 
1.4967421282195394, -26.542, -0.18431944444444445, 723.438, 4639.5, 0.125 
1.492264999009378, -26.576, -0.18455555555555556, 726.824, 5000.5, 0.21875 
1.4878012620099295, -26.674, -0.1852361111111111, 730.838, 2615.5, 0.125 
1.48335087716175, -26.762, -0.18584722222222222, 736.85, 1395.0, 0.125 
1.4789138045252233, -26.326, -0.18281944444444445, 715.53, 5000.5, 0.16666666666666666 
1.474490004280202, -26.636, -0.1849722222222222, 728.468, 5000.5, 0.2708333333333333 
1.4700794367256513, -26.724, -0.18558333333333332, 732.612, 5000.5, 0.21875 
1.4656820622792919, -26.402, -0.18334722222222222, 717.914, 4448.0, 0.125 
1.4612978414772446, -26.608, -0.1847777777777778, 729.612, 710.5, 0.11458333333333333 
1.456926734973677, -27.08, -0.18805555555555553, 756.0, 5000.5, 0.26041666666666663 
1.4525687035404498, -26.78, -0.18597222222222223, 736.688, 1652.0, 0.125 
1.4482237080667648, -26.848, -0.18644444444444444, 743.46, 672.0, 0.125 
1.4438917095588137, -26.874, -0.18662499999999999, 743.13, 5000.5, 0.29166666666666663 
1.4395726691394293, -26.726, -0.18559722222222222, 734.834, 5000.5, 0.19791666666666666 
1.4352665480477342, -26.992, -0.18744444444444444, 750.408, 1214.5, 0.125 
1.430973307638796, -26.774, -0.18593055555555557, 736.394, 5000.5, 0.23958333333333331 
1.4266929093832779, -26.846, -0.18643055555555554, 741.742, 3431.5, 0.125 
1.4224253148670942, -26.642, -0.1850138888888889, 728.85, 5000.5, 0.28125 
1.4181704857910662, -26.878, -0.18665277777777778, 743.322, 3600.0, 0.125 
1.413928383970576, -26.656, -0.18511111111111112, 730.02, 2194.5, 0.11458333333333333 
1.4096989713352268, -26.538, -0.18429166666666666, 725.65, 5000.5, 0.25 
1.405482209928499, -26.768, -0.18588888888888888, 737.764, 2507.5, 0.125 
1.4012780619074108, -26.534, -0.1842638888888889, 722.97, 1775.0, 0.125 
1.3970864895421784, -27.018, -0.18762500000000001, 750.178, 306.0, 0.125 
1.3929074552158762, -27.27, -0.189375, 764.27, 2819.0, 0.125 
1.388740921424102, -26.562, -0.18445833333333334, 725.21, 1248.5, 0.125 
1.384586850774637, -26.738, -0.18568055555555554, 736.21, 4333.5, 0.125 
1.3804452059871126, -26.938, -0.18706944444444443, 744.054, 5000.5, 0.28125 
1.3763159498926745, -26.932, -0.18702777777777777, 746.38, 5000.5, 0.26041666666666663 
1.3721990454336506, -26.678, -0.1852638888888889, 730.926, 689.5, 0.125 
1.368094455663217, -27.082, -0.18806944444444446, 754.034, 2693.5, 0.125 
1.364002143745067, -26.55, -0.184375, 724.51, 5000.5, 0.22916666666666666 
1.3599220729530805, -27.068, -0.18797222222222223, 754.392, 1132.5, 0.125 
1.3558542066709947, -27.028, -0.18769444444444444, 749.852, 1886.0, 0.10416666666666666 
1.3517985083920745, -27.216, -0.189, 761.176, 4073.5, 0.125 
1.3477549417187862, -26.904, -0.18683333333333332, 743.66, 2509.0, 0.125 
1.3437234703624699, -26.868, -0.18658333333333332, 743.044, 665.5, 0.125 
1.3397040581430142, -26.572, -0.18452777777777776, 727.788, 1569.5, 0.125 
1.3356966689885317, -27.182, -0.18876388888888887, 760.538, 5000.5, 0.26041666666666663 
1.3317012669350345, -26.724, -0.18558333333333332, 736.072, 2720.0, 0.125 
1.3277178161261123, -26.838, -0.186375, 741.418, 876.5, 0.125 
1.32374628081261, -27.148, -0.18852777777777777, 757.424, 4353.5, 0.125 
1.3197866253523078, -26.744, -0.18572222222222223, 734.544, 1929.5, 0.125 
1.3158388142095998, -27.198, -0.18887500000000002, 759.01, 981.5, 0.125 
1.3119028119551766, -27.296, -0.18955555555555556, 766.168, 1278.0, 0.125 
1.3079785832657065, -26.644, -0.18502777777777776, 732.048, 2533.0, 0.125 
1.3040660929235184, -26.914, -0.18690277777777778, 742.134, 213.5, 0.125 
1.3001653058162868, -27.056, -0.18788888888888888, 750.2, 5000.5, 0.22916666666666666 
1.2962761869367152, -27.272, -0.18938888888888888, 763.996, 5000.5, 0.3020833333333333 
1.2923987013822227, -27.186, -0.18879166666666666, 760.75, 1168.5, 0.125 
1.2885328143546315, -26.924, -0.1869722222222222, 744.664, 664.5, 0.125 
1.2846784911598528, -27.17, -0.18868055555555557, 759.214, 1255.5, 0.125 
1.2808356972075772, -26.836, -0.1863611111111111, 739.924, 577.5, 0.125 
1.2770043980109633, -27.264, -0.18933333333333333, 764.736, 3244.0, 0.125 
1.2731845591863287, -26.904, -0.18683333333333332, 743.416, 665.5, 0.125 
1.2693761464528404, -26.766, -0.18587499999999998, 738.186, 1395.5, 0.11458333333333333 
1.2655791256322082, -27.302, -0.18959722222222222, 767.83, 487.0, 0.125 
1.2617934626483787, -26.976, -0.18733333333333332, 748.196, 1906.0, 0.125 
1.2580191235272276, -26.832, -0.18633333333333335, 740.508, 3089.5, 0.125 
1.2542560743962556, -27.172, -0.18869444444444444, 758.52, 1407.0, 0.125 
1.2505042814842848, -27.0, -0.1875, 750.956, 2240.0, 0.125 
1.2467637111211551, -26.928, -0.187, 746.608, 2378.0, 0.125 
1.2430343297374227, -26.77, -0.18590277777777778, 737.25, 3501.0, 0.125 
1.2393161038640579, -26.944, -0.18711111111111112, 747.728, 4382.0, 0.125 
1.2356090001321451, -27.11, -0.1882638888888889, 756.198, 308.0, 0.125 
1.2319129852725843, -26.748, -0.18575, 736.872, 4327.0, 0.125 
1.2282280261157905, -27.306, -0.18962500000000002, 764.046, 5000.5, 0.23958333333333331 
1.2245540895913984, -27.282, -0.18945833333333334, 764.774, 5000.5, 0.20833333333333331 
1.2208911427279636, -27.028, -0.18769444444444444, 749.528, 5000.5, 0.26041666666666663 
1.2172391526526676, -26.998, -0.18748611111111113, 748.07, 1948.0, 0.125 
1.2135980865910232, -26.958, -0.1872083333333333, 746.774, 5000.5, 0.26041666666666663 
1.2099679118665794, -27.104, -0.1882222222222222, 754.9, 2422.0, 0.125 
1.2063485959006286, -27.216, -0.189, 761.832, 2957.5, 0.125 
1.2027401062119145, -27.012, -0.18758333333333332, 751.804, 5000.5, 0.25 
1.1991424104163402, -27.048, -0.18783333333333332, 754.364, 5000.5, 0.15625 
1.1955554762266778, -27.156, -0.18858333333333333, 758.04, 2481.5, 0.125 
1.1919792714522786, -26.858, -0.1865138888888889, 741.118, 1196.5, 0.125 
1.188413763998784, -27.22, -0.18902777777777777, 761.664, 2656.5, 0.11458333333333333 
1.1848589218678376, -27.418, -0.19040277777777778, 775.97, 4096.0, 0.11458333333333333 
1.1813147131567983, -27.25, -0.1892361111111111, 766.034, 4359.5, 0.125 
1.1777811060584535, -27.078, -0.18804166666666666, 754.002, 2125.0, 0.125 
1.1742580688607345, -27.224, -0.18905555555555556, 759.692, 2378.0, 0.125 
1.1707455699464302, -27.396, -0.19025, 769.216, 744.0, 0.125 
1.1672435777929056, -27.128, -0.18838888888888888, 756.584, 571.5, 0.125 
1.163752060971817, -26.732, -0.18563888888888888, 735.764, 405.0, 0.125 
1.1602709881488316, -27.322, -0.1897361111111111, 769.238, 5000.5, 0.26041666666666663 
1.156800328083344, -26.86, -0.18652777777777776, 742.552, 2671.5, 0.125 
1.1533400496281987, -27.386, -0.19018055555555555, 770.254, 2535.5, 0.125 
1.1498901217294082, -27.244, -0.18919444444444444, 763.896, 477.0, 0.125 
1.1464505134258756, -27.684, -0.19225, 784.84, 5000.5, 0.23958333333333331 
1.1430211938491162, -27.372, -0.19008333333333333, 770.276, 531.0, 0.125 
1.1396021322229806, -26.978, -0.18734722222222222, 748.238, 222.0, 0.125 
1.136193297863379, -27.308, -0.18963888888888888, 766.672, 1557.0, 0.125 
1.1327946601780048, -26.55, -0.184375, 725.062, 5000.5, 0.28125 
1.129406188666061, -27.0, -0.1875, 750.892, 688.0, 0.11458333333333333 
1.126027852917986, -27.084, -0.18808333333333332, 754.36, 3424.0, 0.125 
1.1226596226151804, -27.324, -0.18975, 768.0, 4425.5, 0.125 
1.119301467529736, -27.558, -0.191375, 780.914, 5000.5, 0.25 
1.115953357524163, -27.062, -0.18793055555555557, 752.07, 5000.5, 0.28125 
1.1126152625511212, -27.474, -0.19079166666666666, 775.862, 3255.5, 0.125 
1.1092871526531491, -27.076, -0.1880277777777778, 753.252, 859.5, 0.125 
1.1059689979623952, -27.522, -0.191125, 778.33, 1070.5, 0.125 
1.1026607687003507, -27.08, -0.18805555555555553, 753.044, 1727.5, 0.125 
1.0993624351775815, -27.64, -0.19194444444444445, 786.796, 1194.5, 0.125 
1.0960739677934614, -27.236, -0.18913888888888888, 761.908, 2743.0, 0.125 
1.0927953370359087, -26.832, -0.18633333333333335, 740.412, 2003.5, 0.125 
1.0895265134811178, -27.268, -0.18936111111111112, 763.472, 5000.5, 0.26041666666666663 
1.086267467793298, -27.254, -0.1892638888888889, 764.922, 5000.5, 0.26041666666666663 
1.0830181707244095, -27.344, -0.18988888888888888, 768.092, 99.5, 0.125 
1.0797785931139001, -27.644, -0.1919722222222222, 784.78, 1177.0, 0.11458333333333333 
1.0765487058884446, -27.08, -0.18805555555555553, 754.112, 705.5, 0.125 
1.073328480061683, -27.234, -0.18912500000000002, 763.39, 5000.5, 0.2708333333333333 
1.0701178867339605, -27.206, -0.18893055555555555, 760.67, 2706.0, 0.125 
1.0669168970920693, -27.08, -0.18805555555555553, 754.392, 3754.0, 0.125 
1.063725482408988, -27.41, -0.19034722222222222, 774.074, 2215.0, 0.125 
1.0605436140436257, -27.558, -0.191375, 781.114, 1949.0, 0.125 
1.0573712634405643, -27.712, -0.19244444444444445, 787.152, 5000.5, 0.22916666666666666 
1.0542084021298008, -27.416, -0.19038888888888889, 771.824, 1208.5, 0.125 
1.0510550017264944, -27.68, -0.1922222222222222, 787.076, 1417.5, 0.125 
1.0479110339307098, -27.078, -0.18804166666666666, 754.35, 161.0, 0.125 
1.0447764705271643, -27.432, -0.1905, 773.796, 103.5, 0.125 
1.0416512833849736, -27.546, -0.19129166666666667, 778.462, 2316.0, 0.11458333333333333 
1.0385354444574004, -27.406, -0.19031944444444443, 771.65, 1907.5, 0.11458333333333333 
1.0354289257816018, -27.596, -0.1916388888888889, 783.308, 727.5, 0.125 
1.032331699478379, -27.494, -0.19093055555555555, 778.862, 4135.0, 0.125 
1.0292437377519268, -27.51, -0.19104166666666667, 778.63, 2451.5, 0.125 
1.0261650128895843, -27.596, -0.1916388888888889, 783.144, 4202.0, 0.11458333333333333 
1.0230954972615856, -27.792, -0.193, 791.66, 3598.5, 0.125 
1.020035163320813, -27.856, -0.19344444444444445, 795.732, 2090.0, 0.125 
1.0169839836025483, -27.666, -0.192125, 785.898, 820.0, 0.125 
1.013941930724228, -27.31, -0.18965277777777778, 767.398, 775.0, 0.125 
1.010908977385196, -27.642, -0.19195833333333334, 785.594, 2805.0, 0.125 
1.0078850963664598, -27.418, -0.19040277777777778, 772.746, 5000.5, 0.26041666666666663 
1.0048702605304454, -27.378, -0.190125, 770.274, 5000.5, 0.23958333333333331 
1.0018644428207537, -27.29, -0.18951388888888887, 764.438, 2019.5, 0.125 
0.9988676162619191, -27.726, -0.19254166666666667, 789.714, 5000.5, 0.23958333333333331 
0.9958797539591652, -27.628, -0.19186111111111112, 783.16, 153.0, 0.125 
0.9929008290981651, -27.408, -0.19033333333333335, 771.672, 5000.5, 0.3333333333333333 
0.9899308149448005, -27.35, -0.18993055555555557, 770.954, 2330.5, 0.125 
0.9869696848449211, -27.416, -0.19038888888888889, 774.068, 2593.0, 0.125 
0.9840174122241059, -27.266, -0.18934722222222222, 762.354, 455.5, 0.125 
0.9810739705874247, -27.858, -0.19345833333333334, 794.586, 5000.5, 0.22916666666666666 
0.9781393335192002, -27.324, -0.18975, 765.664, 925.0, 0.11458333333333333 
0.9752134746827711, -27.528, -0.19116666666666665, 776.144, 347.5, 0.125 
0.9722963678202555, -27.61, -0.1917361111111111, 783.918, 3542.5, 0.125 
0.9693879867523153, -27.36, -0.19, 769.496, 447.5, 0.125 
0.9664883053779216, -27.566, -0.19143055555555555, 780.338, 3955.0, 0.125 
0.9635972976741201, -27.422, -0.19043055555555555, 772.702, 163.5, 0.125 
0.9607149376957971, -27.31, -0.18965277777777778, 766.33, 2488.0, 0.125 
0.9578411995754483, -27.566, -0.19143055555555555, 779.378, 5000.5, 0.23958333333333331 
0.9549760575229448, -27.58, -0.19152777777777777, 779.936, 1670.5, 0.125 
0.9521194858253024, -27.682, -0.1922361111111111, 785.918, 2560.5, 0.125 
0.9492714588464511, -27.498, -0.19095833333333334, 775.874, 5000.5, 0.3125 
0.9464319510270047, -27.404, -0.19030555555555556, 770.476, 5000.5, 0.19791666666666666 
0.9436009368840315, -27.606, -0.19170833333333334, 781.974, 5000.5, 0.25 
0.9407783910108256, -27.822, -0.19320833333333332, 793.966, 2581.0, 0.125 
0.9379642880766791, -27.394, -0.1902361111111111, 769.726, 5000.5, 0.20833333333333331 
0.935158602826654, -27.092, -0.18813888888888888, 756.696, 5000.5, 0.19791666666666666 
0.9323613100813568, -27.272, -0.18938888888888888, 763.328, 509.0, 0.125 
0.9295723847367116, -27.656, -0.19205555555555553, 785.444, 429.5, 0.125 
0.9267918017637347, -27.416, -0.19038888888888889, 774.1, 1069.5, 0.125 
0.9240195362083109, -27.812, -0.1931388888888889, 794.176, 4302.0, 0.125 
0.9212555631909686, -27.574, -0.19148611111111113, 781.894, 5000.5, 0.20833333333333331 
0.9184998579066571, -27.83, -0.19326388888888887, 797.434, 2283.5, 0.11458333333333333 
0.9157523956245237, -27.862, -0.1934861111111111, 796.734, 3703.0, 0.125 
0.9130131516876918, -27.334, -0.18981944444444443, 767.386, 2661.5, 0.125 
0.9102821015130401, -27.59, -0.19159722222222222, 781.506, 1854.0, 0.125 
0.9075592205909808, -27.496, -0.19094444444444444, 776.452, 1250.0, 0.125 
0.904844484485241, -27.808, -0.19311111111111112, 794.156, 836.5, 0.125 
0.9021378688326425, -27.914, -0.19384722222222223, 798.698, 327.5, 0.125 
0.8994393493428836, -27.718, -0.1924861111111111, 789.626, 5000.5, 0.21875 
0.8967489017983209, -27.66, -0.19208333333333333, 783.512, 5000.5, 0.1875 
0.8940665020537519, -27.75, -0.19270833333333334, 791.074, 2094.0, 0.125 
0.8913921260361988, -27.324, -0.18975, 765.724, 2411.0, 0.125 
0.8887257497446914, -27.388, -0.19019444444444444, 771.696, 5000.5, 0.20833333333333331 
0.8860673492500531, -27.344, -0.18988888888888888, 768.728, 2369.0, 0.125 
0.8834169006946851, -27.612, -0.19174999999999998, 782.672, 4524.5, 0.125 
0.8807743802923527, -27.486, -0.19087500000000002, 776.298, 5000.5, 0.21875 
0.8781397643279716, -27.696, -0.19233333333333336, 785.664, 5000.5, 0.23958333333333331 
0.8755130291573956, -27.478, -0.19081944444444446, 779.138, 2750.5, 0.11458333333333333 
0.8728941512072036, -27.87, -0.19354166666666667, 797.538, 5000.5, 0.20833333333333331 
0.8702831069744887, -28.176, -0.19566666666666666, 815.568, 1188.5, 0.125 
0.8676798730266472, -27.764, -0.19280555555555556, 789.788, 1927.5, 0.125 
0.8650844260011679, -27.674, -0.19218055555555555, 787.178, 5000.5, 0.32291666666666663 
0.8624967426054229, -28.082, -0.1950138888888889, 808.99, 115.0, 0.125 
0.8599167996164582, -27.838, -0.19331944444444446, 795.018, 5000.5, 0.19791666666666666 
0.8573445738807857, -27.672, -0.19216666666666668, 787.732, 5000.5, 0.26041666666666663 
0.8547800423141748, -28.132, -0.19536111111111112, 811.304, 1815.0, 0.11458333333333333 
0.852223181901446, -27.942, -0.19404166666666667, 801.358, 5000.5, 0.21875 
0.8496739696962636, -27.736, -0.19261111111111112, 789.216, 1683.5, 0.125 
0.8471323828209304, -27.636, -0.19191666666666665, 784.656, 2050.5, 0.125 
0.8445983984661818, -27.352, -0.18994444444444444, 768.84, 1006.0, 0.125 
0.8420719938909816, -27.822, -0.19320833333333332, 793.594, 5000.5, 0.2708333333333333 
0.8395531464223177, -28.174, -0.1956527777777778, 815.642, 3806.5, 0.11458333333333333 
0.8370418334549987, -27.46, -0.19069444444444444, 774.852, 2473.0, 0.125 
0.8345380324514506, -27.572, -0.1914722222222222, 781.792, 978.5, 0.125 
0.8320417209415155, -27.772, -0.1928611111111111, 791.348, 4748.5, 0.125 
0.8295528765222488, -27.552, -0.19133333333333333, 781.572, 3701.0, 0.125 
0.8270714768577192, -27.816, -0.19316666666666665, 793.86, 2147.0, 0.125 
0.8245974996788074, -27.452, -0.1906388888888889, 774.612, 3256.5, 0.11458333333333333 
0.8221309227830064, -27.672, -0.19216666666666668, 788.748, 5000.5, 0.25 
0.8196717240342228, -27.726, -0.19254166666666667, 790.034, 5000.5, 0.28125 
0.8172198813625781, -27.77, -0.19284722222222223, 792.394, 4041.0, 0.125 
0.8147753727642093, -27.748, -0.19269444444444445, 789.224, 4988.0, 0.125 
0.8123381763010735, -28.182, -0.19570833333333332, 813.594, 595.5, 0.125 
0.8099082701007494, -28.042, -0.1947361111111111, 807.15, 5000.5, 0.2708333333333333 
0.8074856323562417, -27.678, -0.19220833333333334, 786.766, 696.0, 0.125 
0.805070241325785, -28.234, -0.19606944444444446, 817.25, 5000.5, 0.26041666666666663 
0.8026620753326495, -28.148, -0.19547222222222221, 813.224, 3532.0, 0.125 
0.8002611127649455, -27.77, -0.19284722222222223, 793.102, 5000.5, 0.19791666666666666 
0.7978673320754299, -28.076, -0.1949722222222222, 807.916, 4179.5, 0.125 
0.7954807117813129, -27.448, -0.19061111111111112, 773.468, 1080.5, 0.125 
0.793101230464065, -27.904, -0.19377777777777777, 797.548, 5000.5, 0.25 
0.7907288667692248, -27.434, -0.1905138888888889, 772.47, 1762.5, 0.125 
0.7883635994062076, -27.986, -0.19434722222222223, 803.098, 2793.5, 0.125 
0.7860054071481142, -27.926, -0.19393055555555555, 800.178, 1939.5, 0.125 
0.7836542688315398, -27.642, -0.19195833333333334, 785.21, 5000.5, 0.29166666666666663 
0.7813101633563856, -27.928, -0.19394444444444445, 801.492, 4244.5, 0.125 
0.7789730696856674, -27.91, -0.19381944444444443, 798.982, 5000.5, 0.2708333333333333 
0.7766429668453287, -28.032, -0.19466666666666665, 806.192, 3463.5, 0.125 
0.7743198339240511, -27.918, -0.193875, 799.486, 1461.5, 0.125 
0.7720036500730676, -28.02, -0.19458333333333333, 806.368, 962.5, 0.125 
0.7696943945059747, -27.454, -0.19065277777777778, 773.086, 1029.0, 0.125 
0.7673920464985462, -27.766, -0.19281944444444443, 792.146, 5000.5, 0.25 
0.7650965853885476, -27.37, -0.19006944444444446, 770.63, 5000.5, 0.1875 
0.7628079905755502, -27.966, -0.19420833333333334, 805.354, 5000.5, 0.25 
0.760526241520746, -27.906, -0.19379166666666667, 796.054, 5000.5, 0.25 
0.758251317746764, -27.53, -0.19118055555555558, 778.466, 5000.5, 0.2708333333333333 
0.7559831988374861, -27.838, -0.19331944444444446, 799.002, 3926.5, 0.125 
0.7537218644378638, -27.972, -0.19425, 802.424, 5000.5, 0.20833333333333331 
0.7514672942537357, -27.616, -0.19177777777777777, 783.428, 4115.0, 0.125 
0.7492194680516452, -27.888, -0.19366666666666668, 797.28, 1003.0, 0.125 
0.7469783656586592, -27.614, -0.1917638888888889, 782.518, 944.5, 0.125 
0.7447439669621867, -28.49, -0.1978472222222222, 832.358, 5000.5, 0.3020833333333333 
0.7425162519097985, -27.9, -0.19374999999999998, 798.112, 2367.5, 0.125 
0.7402952005090475, -27.674, -0.19218055555555555, 786.714, 1104.5, 0.125 
0.7380807928272886, -27.758, -0.19276388888888887, 790.058, 5000.5, 0.22916666666666666 
0.7358730089915004, -27.976, -0.19427777777777777, 807.26, 5000.5, 0.23958333333333331 
0.7336718291881067, -27.926, -0.19393055555555555, 801.402, 4478.0, 0.125 
0.7314772336627985, -27.91, -0.19381944444444443, 798.066, 451.0, 0.125 
0.729289202720357, -28.18, -0.19569444444444445, 814.368, 4327.0, 0.125 
0.7271077167244768, -28.142, -0.19543055555555555, 809.602, 609.0, 0.125 
0.7249327560975894, -28.046, -0.19476388888888888, 807.218, 506.0, 0.125 
0.7227643013206879, -28.02, -0.19458333333333333, 804.924, 5000.5, 0.19791666666666666 
0.7206023329331512, -28.09, -0.19506944444444443, 809.49, 1122.5, 0.125 
0.7184468315325704, -28.286, -0.19643055555555555, 821.178, 3061.5, 0.125 
0.7162977777745734, -27.572, -0.1914722222222222, 779.232, 5000.5, 0.23958333333333331 
0.7141551523726525, -28.472, -0.19772222222222224, 831.468, 5000.5, 0.22916666666666666 
0.7120189360979903, -27.54, -0.19125, 780.448, 3251.5, 0.125 
0.709889109779288, -27.818, -0.19318055555555558, 794.662, 5000.5, 0.21875 
0.7077656543025925, -28.136, -0.1953888888888889, 812.448, 1341.0, 0.125 
0.7056485506111259, -27.916, -0.19386111111111112, 798.908, 2751.5, 0.125 
0.7035377797051132, -27.898, -0.1937361111111111, 798.018, 2717.0, 0.125 
0.701433322641613, -28.388, -0.1971388888888889, 827.204, 1630.0, 0.125 
0.6993351605343465, -27.972, -0.19425, 802.336, 967.5, 0.125 
0.697243274553529, -28.06, -0.1948611111111111, 809.024, 3946.0, 0.125 
0.6951576459257001, -28.084, -0.19502777777777777, 809.888, 2955.0, 0.125 
0.6930782559335552, -27.978, -0.19429166666666667, 805.002, 1316.5, 0.125 
0.6910050859157785, -27.984, -0.19433333333333336, 804.412, 3637.0, 0.125 
0.6889381172668743, -27.854, -0.19343055555555555, 796.45, 1514.0, 0.125 
0.6868773314370011, -27.892, -0.19369444444444445, 796.616, 480.5, 0.125 
0.6848227099318038, -28.162, -0.19556944444444443, 812.086, 367.0, 0.125 
0.6827742343122494, -27.888, -0.19366666666666668, 796.496, 511.0, 0.125 
0.6807318861944601, -27.742, -0.19265277777777778, 789.114, 814.5, 0.125 
0.6786956472495491, -28.254, -0.19620833333333335, 820.03, 291.5, 0.125 
0.6766654992034558, -27.848, -0.1933888888888889, 794.84, 3322.5, 0.125 
0.6746414238367816, -28.402, -0.1972361111111111, 827.754, 5000.5, 0.2708333333333333 
0.6726234029846274, -28.048, -0.19477777777777777, 808.388, 4437.5, 0.125 
0.6706114185364292, -28.294, -0.1964861111111111, 820.698, 5000.5, 0.2708333333333333 
0.6686054524357964, -27.924, -0.19391666666666665, 800.568, 1672.5, 0.125 
0.6666054866803496, -28.324, -0.19669444444444445, 823.34, 5000.5, 0.21875 
0.6646115033215589, -28.07, -0.19493055555555555, 810.642, 648.5, 0.125 
0.6626234844645833, -28.122, -0.19529166666666667, 811.378, 5000.5, 0.26041666666666663 
0.6606414122681091, -28.172, -0.1956388888888889, 814.048, 521.0, 0.125 
0.658665268944191, -27.918, -0.193875, 800.926, 5000.5, 0.22916666666666666 
0.6566950367580916, -27.608, -0.19172222222222224, 781.076, 5000.5, 0.25 
0.6547306980281227, -28.276, -0.1963611111111111, 820.08, 1407.5, 0.125 
0.6527722351254861, -28.012, -0.19452777777777777, 807.832, 1626.0, 0.125 
0.6508196304741161, -28.042, -0.1947361111111111, 808.506, 5000.5, 0.20833333333333331 
0.6488728665505215, -28.278, -0.196375, 821.742, 831.5, 0.125 
0.6469319258836275, -27.884, -0.1936388888888889, 795.82, 2460.0, 0.11458333333333333 
0.6449967910546204, -27.944, -0.19405555555555554, 802.416, 2239.5, 0.125 
0.6430674446967903, -28.114, -0.1952361111111111, 811.922, 1545.0, 0.11458333333333333 
0.6411438694953754, -27.648, -0.192, 784.6, 2321.0, 0.125 
0.6392260481874068, -27.97, -0.1942361111111111, 802.566, 4502.0, 0.11458333333333333 
0.6373139635615531, -28.36, -0.19694444444444445, 826.168, 2099.0, 0.125 
0.6354075984579667, -27.938, -0.19401388888888887, 802.53, 1386.5, 0.125 
0.6335069357681293, -27.78, -0.19291666666666668, 791.54, 4093.0, 0.125 
0.6316119584346981, -28.212, -0.19591666666666666, 820.06, 834.0, 0.125 
0.6297226494513536, -28.25, -0.19618055555555555, 819.93, 5000.5, 0.19791666666666666 
0.627838991862646, -28.378, -0.19706944444444444, 827.118, 5000.5, 0.20833333333333331 
0.6259609687638439, -28.104, -0.19516666666666665, 810.656, 2326.0, 0.125 
0.6240885633007816, -28.336, -0.19677777777777777, 823.86, 518.0, 0.125 
0.6222217586697089, -28.4, -0.19722222222222222, 828.364, 1099.0, 0.11458333333333333 
0.6203605381171398, -28.072, -0.19494444444444445, 810.504, 5000.5, 0.2708333333333333 
0.6185048849397017, -27.908, -0.19380555555555556, 800.508, 3327.5, 0.125 
0.6166547824839866, -28.084, -0.19502777777777777, 811.152, 3317.0, 0.125 
0.6148102141464006, -27.958, -0.19415277777777776, 799.822, 1171.5, 0.11458333333333333 
0.6129711633730153, -28.244, -0.1961388888888889, 817.808, 5000.5, 0.22916666666666666 
0.6111376136594192, -28.234, -0.19606944444444446, 815.81, 1659.0, 0.125 
0.6093095485505697, -28.352, -0.1968888888888889, 825.484, 533.5, 0.125 
0.6074869516406457, -28.252, -0.19619444444444445, 819.328, 4077.5, 0.125 
0.6056698065728993, -27.706, -0.19240277777777778, 791.322, 516.5, 0.125 
0.6038580970395101, -27.95, -0.19409722222222223, 801.354, 5000.5, 0.28125 
0.6020518067814388, -27.812, -0.1931388888888889, 794.304, 3591.5, 0.125 
0.60025091958828, -28.174, -0.1956527777777778, 813.142, 5000.5, 0.23958333333333331 
0.5984554192981185, -28.172, -0.1956388888888889, 817.048, 2959.5, 0.125 
0.5966652897973832, -28.076, -0.1949722222222222, 809.172, 1791.5, 0.125 
0.5948805150207026, -28.13, -0.19534722222222223, 811.118, 178.0, 0.125 
0.5931010789507609, -28.188, -0.19574999999999998, 816.36, 5000.5, 0.16666666666666666 
0.5913269656181539, -28.148, -0.19547222222222221, 814.076, 731.0, 0.125 
0.589558159101246, -27.764, -0.19280555555555556, 793.632, 2617.0, 0.125 
0.5877946435260272, -28.206, -0.195875, 814.914, 1474.0, 0.125 
0.5860364030659705, -28.134, -0.195375, 812.298, 2137.5, 0.125 
0.5842834219418901, -27.834, -0.19329166666666667, 795.37, 1212.0, 0.125 
0.5825356844217997, -28.206, -0.195875, 814.698, 2153.0, 0.125 
0.5807931748207713, -28.456, -0.1976111111111111, 833.692, 5000.5, 0.28125 
0.5790558775007941, -27.904, -0.19377777777777777, 799.572, 5000.5, 0.29166666666666663 
0.5773237768706352, -28.032, -0.19466666666666665, 804.66, 5000.5, 0.25 
0.5755968573856982, -28.438, -0.1974861111111111, 829.246, 372.0, 0.125 
0.573875103547885, -28.392, -0.19716666666666666, 825.844, 386.5, 0.125 
0.5721584999054558, -28.492, -0.19786111111111113, 831.824, 5000.5, 0.32291666666666663 
0.5704470310528912, -28.184, -0.19572222222222224, 816.688, 4769.5, 0.125 
0.5687406816307532, -27.862, -0.1934861111111111, 797.914, 4708.5, 0.125 
0.5670394363255481, -28.406, -0.19726388888888888, 827.462, 887.0, 0.11458333333333333 
0.5653432798695881, -28.152, -0.1955, 813.864, 329.5, 0.125 
0.5636521970408557, -27.628, -0.19186111111111112, 783.552, 4680.0, 0.125 
0.5619661726628652, -28.156, -0.19552777777777777, 813.74, 483.0, 0.125 
0.5602851916045284, -28.116, -0.19525, 811.588, 1026.0, 0.125 
0.5586092387800178, -28.512, -0.198, 835.336, 1124.5, 0.125 
0.556938299148631, -28.374, -0.19704166666666667, 826.422, 1808.0, 0.125 
0.5552723577146566, -28.04, -0.1947222222222222, 808.02, 1354.5, 0.125 
0.5536113995272386, -27.878, -0.19359722222222223, 799.314, 4928.5, 0.125 
0.5519554096802431, -28.26, -0.19625, 822.22, 727.0, 0.125 
0.5503043733121242, -28.176, -0.19566666666666666, 813.892, 2110.0, 0.125 
0.5486582756057903, -28.182, -0.19570833333333332, 817.206, 561.0, 0.125 
0.5470171017884717, -28.416, -0.19733333333333333, 829.636, 2612.0, 0.125 
0.5453808371315876, -28.146, -0.19545833333333335, 814.166, 2560.0, 0.125 
0.5437494669506141, -28.188, -0.19574999999999998, 814.968, 566.5, 0.125 
0.5421229766049522, -27.982, -0.19431944444444443, 804.07, 5000.5, 0.26041666666666663 
0.540501351497797, -27.742, -0.19265277777777778, 790.718, 398.0, 0.11458333333333333 
0.5388845770760058, -28.234, -0.19606944444444446, 819.25, 5000.5, 0.25 
0.5372726388299683, -28.062, -0.19487500000000002, 809.198, 5000.5, 0.15625 
0.5356655222934761, -28.544, -0.19822222222222222, 834.736, 4152.0, 0.125 
0.5340632130435925, -28.338, -0.19679166666666667, 824.418, 287.5, 0.125 
0.5324656967005237, -28.244, -0.1961388888888889, 819.644, 393.5, 0.125 
0.5308729589274894, -28.452, -0.19758333333333333, 830.932, 5000.5, 0.1875 
0.5292849854305941, -28.388, -0.1971388888888889, 828.212, 3690.0, 0.125 
0.527701761958699, -27.972, -0.19425, 802.24, 2455.5, 0.125 
0.5261232743032941, -28.488, -0.19783333333333333, 832.284, 450.5, 0.125 
0.5245495082983703, -28.176, -0.19566666666666666, 816.336, 4631.0, 0.125 
0.5229804498202929, -28.046, -0.19476388888888888, 807.194, 1370.0, 0.125 
0.5214160847876742, -28.014, -0.19454166666666667, 802.758, 125.0, 0.125 
0.5198563991612477, -28.128, -0.19533333333333333, 810.776, 1251.5, 0.125 
0.5183013789437417, -28.244, -0.1961388888888889, 820.424, 5000.5, 0.23958333333333331 
0.516751010179754, -28.1, -0.1951388888888889, 809.8, 5000.5, 0.22916666666666666 
0.5152052789556263, -28.55, -0.1982638888888889, 838.49, 2514.5, 0.125 
0.5136641713993196, -28.82, -0.2001388888888889, 849.44, 2326.5, 0.125 
0.5121276736802896, -28.214, -0.19593055555555555, 817.898, 5000.5, 0.23958333333333331 
0.5105957720093627, -28.064, -0.1948888888888889, 810.464, 1087.5, 0.125 
0.5090684526386122, -28.41, -0.19729166666666667, 831.03, 2014.0, 0.125 
0.5075457018612345, -28.184, -0.19572222222222224, 815.196, 2033.0, 0.125 
0.506027506011427, -28.312, -0.19661111111111113, 821.096, 5000.5, 0.13541666666666666 
0.5045138514642646, -28.306, -0.19656944444444446, 821.326, 3023.0, 0.125 
0.5030047246355779, -27.834, -0.19329166666666667, 796.05, 5000.5, 0.23958333333333331 
0.5015001119818309, -28.596, -0.19858333333333333, 839.144, 1455.5, 0.125 
0.5, -28.018, -0.19456944444444446, 805.494, 3501.5, 0.125 
