Simulation:L=7&P_s=0.0&T_1=10.0&T_0=0.5&N_T=1000 
Temperature T, <E>(T), <-E/E_0>(T), <E^2>(T), Relaxation Iterations=tau(T), Final Configuration Correlation Function Value 
10.0, -103.982, -0.20631349206349206, 10939.418, 1868.5, 0.1292517006802721 
9.970087504549047, -102.454, -0.203281746031746, 10611.022, 14.5, 0.1326530612244898 
9.940264484836504, -102.446, -0.203265873015873, 10597.57, 1815.0, 0.12585034013605442 
9.91053067321811, -102.084, -0.20254761904761906, 10519.632, 489.5, 0.1292517006802721 
9.880885802850193, -102.39, -0.2031547619047619, 10619.526, 427.0, 0.1326530612244898 
9.85132960768728, -102.796, -0.20396031746031748, 10686.244, 263.0, 0.1292517006802721 
9.8218618224797, -102.9, -0.2041666666666667, 10704.564, 211.0, 0.1326530612244898 
9.79248218277122, -103.252, -0.20486507936507936, 10771.712, 1101.0, 0.12585034013605442 
9.763190424896651, -102.452, -0.20327777777777778, 10623.868, 883.0, 0.1292517006802721 
9.733986285979501, -102.696, -0.20376190476190476, 10649.356, 2634.5, 0.1292517006802721 
9.7048695039296, -102.684, -0.20373809523809525, 10653.272, 465.0, 0.12585034013605442 
9.675839817440762, -102.994, -0.2043531746031746, 10720.226, 850.5, 0.1326530612244898 
9.646896965988427, -101.552, -0.2014920634920635, 10432.2, 632.5, 0.1292517006802721 
9.618040689827334, -102.488, -0.20334920634920634, 10617.16, 929.0, 0.1292517006802721 
9.58927072998918, -102.514, -0.20340079365079364, 10618.214, 1868.5, 0.12585034013605442 
9.560586828280304, -102.67, -0.20371031746031745, 10668.402, 224.5, 0.12585034013605442 
9.531988727279366, -102.728, -0.20382539682539683, 10668.544, 418.0, 0.1292517006802721 
9.503476170335038, -102.68, -0.20373015873015873, 10651.924, 1368.5, 0.1326530612244898 
9.4750489015637, -102.408, -0.2031904761904762, 10596.492, 721.0, 0.12585034013605442 
9.446706665847142, -103.134, -0.20463095238095239, 10737.714, 396.5, 0.1326530612244898 
9.418449208830278, -103.646, -0.2056468253968254, 10860.922, 1266.0, 0.1292517006802721 
9.390276276918861, -102.23, -0.2028373015873016, 10560.078, 1124.5, 0.1326530612244898 
9.362187617277208, -102.524, -0.20342063492063492, 10641.172, 1402.5, 0.1292517006802721 
9.33418297782593, -103.544, -0.20544444444444443, 10824.052, 647.5, 0.12585034013605442 
9.306262107239672, -103.624, -0.2056031746031746, 10851.244, 2851.0, 0.1326530612244898 
9.278424754944854, -103.626, -0.20560714285714288, 10840.55, 194.0, 0.1326530612244898 
9.250670671117424, -103.108, -0.20457936507936508, 10748.376, 1890.5, 0.1326530612244898 
9.222999606680618, -102.516, -0.20340476190476192, 10615.028, 35.0, 0.12585034013605442 
9.19541131330272, -103.206, -0.20477380952380952, 10768.366, 746.5, 0.1326530612244898 
9.16790554339484, -102.754, -0.20387698412698413, 10678.55, 216.0, 0.12244897959183673 
9.140482050108684, -103.128, -0.20461904761904762, 10742.492, 520.5, 0.1326530612244898 
9.113140587334344, -104.214, -0.20677380952380953, 10981.982, 3434.5, 0.1326530612244898 
9.08588090969809, -104.162, -0.20667063492063492, 10979.742, 22.5, 0.1326530612244898 
9.058702772560167, -103.19, -0.20474206349206348, 10753.794, 2638.0, 0.1292517006802721 
9.031605932012592, -103.866, -0.20608333333333334, 10892.174, 893.0, 0.12585034013605442 
9.00459014487698, -104.358, -0.2070595238095238, 11007.25, 1566.0, 0.12244897959183673 
8.977655168702347, -103.906, -0.20616269841269844, 10905.99, 353.5, 0.1292517006802721 
8.950800761762943, -104.88, -0.20809523809523808, 11119.772, 1640.5, 0.1292517006802721 
8.92402668305608, -104.868, -0.20807142857142857, 11112.124, 98.0, 0.12585034013605442 
8.897332692299972, -103.18, -0.20472222222222222, 10758.568, 231.0, 0.1326530612244898 
8.870718549931567, -103.686, -0.20572619047619048, 10872.654, 525.5, 0.1292517006802721 
8.844184017104416, -104.714, -0.20776587301587301, 11079.25, 116.5, 0.1292517006802721 
8.817728855686514, -103.768, -0.2058888888888889, 10888.588, 623.5, 0.1326530612244898 
8.791352828258168, -104.31, -0.2069642857142857, 10982.346, 99.5, 0.1326530612244898 
8.765055698109869, -104.866, -0.20806746031746032, 11124.118, 41.5, 0.1292517006802721 
8.738837229240163, -104.562, -0.2074642857142857, 11054.994, 365.5, 0.12244897959183673 
8.712697186353536, -104.81, -0.2079563492063492, 11094.39, 161.0, 0.1292517006802721 
8.686635334858302, -104.538, -0.20741666666666667, 11035.606, 472.5, 0.1292517006802721 
8.660651440864498, -103.524, -0.2054047619047619, 10826.876, 180.5, 0.1326530612244898 
8.634745271181783, -103.726, -0.20580555555555555, 10890.15, 1601.5, 0.1326530612244898 
8.608916593317348, -105.136, -0.2086031746031746, 11177.412, 648.0, 0.12244897959183673 
8.583165175473823, -103.92, -0.2061904761904762, 10935.308, 559.5, 0.12585034013605442 
8.557490786547211, -104.8, -0.20793650793650792, 11091.844, 2032.5, 0.1292517006802721 
8.531893196124793, -103.722, -0.20579761904761903, 10867.914, 1724.5, 0.1292517006802721 
8.506372174483083, -104.776, -0.20788888888888887, 11085.272, 2327.0, 0.1292517006802721 
8.48092749258575, -103.286, -0.2049325396825397, 10781.534, 718.0, 0.12244897959183673 
8.455558922081567, -102.912, -0.2041904761904762, 10698.176, 114.5, 0.1326530612244898 
8.430266235302364, -105.64, -0.2096031746031746, 11272.204, 479.0, 0.1326530612244898 
8.405049205260983, -103.06, -0.204484126984127, 10737.508, 40.0, 0.1292517006802721 
8.379907605649242, -105.4, -0.20912698412698413, 11214.116, 206.5, 0.1292517006802721 
8.354841210835904, -104.906, -0.2081468253968254, 11108.654, 824.0, 0.1292517006802721 
8.329849795864648, -105.266, -0.2088611111111111, 11200.002, 621.5, 0.1326530612244898 
8.304933136452055, -104.758, -0.2078531746031746, 11091.41, 1484.0, 0.1326530612244898 
8.280091008985597, -105.114, -0.2085595238095238, 11163.61, 1007.5, 0.1326530612244898 
8.25532319052162, -102.934, -0.204234126984127, 10718.986, 1657.5, 0.1292517006802721 
8.230629458783358, -105.864, -0.21004761904761907, 11324.296, 976.0, 0.1292517006802721 
8.206009592158924, -103.534, -0.20542460317460318, 10843.998, 3210.5, 0.12585034013605442 
8.181463369699332, -105.134, -0.20859920634920634, 11170.298, 607.0, 0.1292517006802721 
8.156990571116506, -105.772, -0.20986507936507937, 11315.24, 1104.5, 0.1292517006802721 
8.132590976781305, -104.206, -0.2067579365079365, 10956.298, 1440.0, 0.1326530612244898 
8.108264367721562, -104.804, -0.20794444444444446, 11097.98, 1614.0, 0.1326530612244898 
8.084010525620103, -104.508, -0.20735714285714285, 11035.088, 1340.5, 0.1292517006802721 
8.059829232812795, -103.966, -0.206281746031746, 10925.254, 222.5, 0.1292517006802721 
8.0357202722866, -104.99, -0.20831349206349206, 11125.378, 1302.0, 0.1326530612244898 
8.011683427677609, -104.892, -0.20811904761904762, 11114.74, 390.0, 0.1292517006802721 
7.987718483269121, -104.572, -0.207484126984127, 11045.432, 2509.0, 0.1292517006802721 
7.9638252239896925, -104.606, -0.2075515873015873, 11061.398, 2241.0, 0.1326530612244898 
7.940003435411215, -105.512, -0.20934920634920634, 11255.548, 977.5, 0.12244897959183673 
7.916252903746987, -105.102, -0.2085357142857143, 11173.214, 306.5, 0.1326530612244898 
7.892573415849792, -105.666, -0.2096547619047619, 11285.346, 47.5, 0.1326530612244898 
7.868964759210001, -105.128, -0.2085873015873016, 11159.812, 2868.5, 0.1326530612244898 
7.845426721953643, -106.142, -0.21059920634920634, 11384.15, 2874.5, 0.1326530612244898 
7.821959092840522, -105.138, -0.20860714285714288, 11158.858, 53.5, 0.1292517006802721 
7.798561661262307, -105.484, -0.20929365079365078, 11240.864, 1020.5, 0.1292517006802721 
7.775234217240659, -105.598, -0.20951984126984127, 11261.19, 1371.5, 0.1292517006802721 
7.751976551425329, -104.634, -0.20760714285714285, 11059.042, 1779.5, 0.1292517006802721 
7.728788455092289, -106.17, -0.2106547619047619, 11392.77, 673.5, 0.12244897959183673 
7.705669720141857, -104.352, -0.20704761904761906, 10992.056, 607.5, 0.1326530612244898 
7.682620139096827, -105.502, -0.20932936507936506, 11247.834, 1626.0, 0.1292517006802721 
7.659639505100614, -105.17, -0.20867063492063492, 11172.574, 4460.5, 0.1326530612244898 
7.636727611915388, -105.134, -0.20859920634920634, 11174.694, 647.5, 0.1326530612244898 
7.613884253920229, -104.896, -0.20812698412698413, 11128.672, 2508.5, 0.1326530612244898 
7.591109226109282, -104.788, -0.2079126984126984, 11096.216, 106.0, 0.1326530612244898 
7.568402324089913, -106.156, -0.21062698412698413, 11397.964, 791.0, 0.11564625850340135 
7.545763344080881, -107.754, -0.21379761904761907, 11726.206, 69.0, 0.12585034013605442 
7.523192082910502, -105.498, -0.20932142857142857, 11242.198, 458.5, 0.1292517006802721 
7.500688338014832, -106.766, -0.2118373015873016, 11510.75, 474.0, 0.1326530612244898 
7.478251907435844, -106.516, -0.21134126984126986, 11452.196, 711.0, 0.1326530612244898 
7.455882589819618, -106.126, -0.21056746031746032, 11377.49, 1309.5, 0.1326530612244898 
7.433580184414536, -106.276, -0.21086507936507937, 11406.5, 499.5, 0.1292517006802721 
7.411344491069477, -106.086, -0.21048809523809522, 11364.626, 690.0, 0.1292517006802721 
7.389175310232021, -106.93, -0.21216269841269841, 11559.794, 125.5, 0.1326530612244898 
7.367072442946661, -106.556, -0.21142063492063493, 11485.412, 39.5, 0.12585034013605442 
7.345035690853012, -106.518, -0.21134523809523809, 11455.118, 2003.5, 0.11564625850340135 
7.32306485618404, -107.188, -0.21267460317460318, 11619.768, 53.5, 0.12585034013605442 
7.301159741764275, -105.45, -0.20922619047619048, 11234.802, 3036.0, 0.1326530612244898 
7.279320151008055, -106.742, -0.21178968253968256, 11515.314, 1314.0, 0.12585034013605442 
7.257545887917749, -105.55, -0.20942460317460318, 11270.506, 1261.5, 0.1326530612244898 
7.235836757082007, -107.384, -0.21306349206349207, 11644.588, 1210.5, 0.12585034013605442 
7.214192563674001, -106.944, -0.2121904761904762, 11543.532, 501.5, 0.12244897959183673 
7.192613113449681, -106.476, -0.21126190476190476, 11451.308, 2530.0, 0.1326530612244898 
7.1710982127460285, -108.376, -0.21503174603174605, 11874.46, 975.5, 0.1326530612244898 
7.149647668479319, -105.068, -0.20846825396825397, 11148.076, 1261.5, 0.1326530612244898 
7.128261288143388, -106.664, -0.21163492063492065, 11491.984, 130.0, 0.1326530612244898 
7.10693887980791, -106.724, -0.21175396825396825, 11512.088, 1876.5, 0.1326530612244898 
7.085680252116663, -106.106, -0.21052777777777776, 11377.298, 1419.0, 0.12585034013605442 
7.0644852142858285, -106.246, -0.21080555555555555, 11398.586, 1121.5, 0.12585034013605442 
7.043353576102263, -106.126, -0.21056746031746032, 11373.09, 1513.5, 0.12585034013605442 
7.022285147921803, -107.018, -0.2123373015873016, 11558.122, 1507.0, 0.12585034013605442 
7.001279740667552, -107.446, -0.21318650793650792, 11667.726, 1969.0, 0.1326530612244898 
6.980337165828195, -107.336, -0.21296825396825397, 11663.732, 1650.0, 0.1326530612244898 
6.9594572354563, -106.322, -0.2109563492063492, 11422.838, 1492.0, 0.1326530612244898 
6.9386397621666305, -106.93, -0.21216269841269841, 11547.854, 365.5, 0.1292517006802721 
6.917884559134469, -106.714, -0.21173412698412697, 11508.878, 490.5, 0.1326530612244898 
6.897191440093938, -107.302, -0.21290079365079367, 11637.018, 1393.0, 0.1326530612244898 
6.876560219336321, -107.682, -0.2136547619047619, 11724.174, 173.0, 0.1326530612244898 
6.855990711708411, -107.888, -0.21406349206349207, 11763.42, 389.0, 0.1292517006802721 
6.835482732610836, -107.382, -0.2130595238095238, 11647.946, 505.0, 0.1326530612244898 
6.815036097996407, -106.38, -0.21107142857142855, 11452.732, 527.0, 0.1326530612244898 
6.794650624368467, -107.34, -0.21297619047619049, 11633.168, 357.5, 0.1326530612244898 
6.774326128779244, -107.846, -0.21398015873015874, 11752.918, 2121.5, 0.1326530612244898 
6.754062428828204, -108.63, -0.21553571428571427, 11925.846, 1853.5, 0.1326530612244898 
6.733859342660428, -106.766, -0.2118373015873016, 11520.51, 120.5, 0.1292517006802721 
6.7137166889649595, -108.814, -0.21590079365079365, 11955.358, 1839.5, 0.1292517006802721 
6.693634286973193, -108.212, -0.2147063492063492, 11826.9, 274.5, 0.1292517006802721 
6.6736119564572505, -108.486, -0.21525, 11872.306, 645.0, 0.1292517006802721 
6.653649517728355, -108.234, -0.21475, 11830.534, 1260.0, 0.1326530612244898 
6.633746791635227, -107.872, -0.21403174603174605, 11754.096, 291.5, 0.1326530612244898 
6.61390359956247, -108.164, -0.2146111111111111, 11820.812, 174.0, 0.12585034013605442 
6.594119763428975, -108.586, -0.2154484126984127, 11903.294, 2680.5, 0.1326530612244898 
6.574395105686315, -107.274, -0.2128452380952381, 11623.07, 764.5, 0.1292517006802721 
6.554729449317154, -108.444, -0.21516666666666667, 11879.792, 806.0, 0.1326530612244898 
6.535122617833661, -109.224, -0.21671428571428572, 12059.64, 123.5, 0.1292517006802721 
6.515574435275924, -108.338, -0.2149563492063492, 11863.37, 839.5, 0.1292517006802721 
6.496084726210371, -108.57, -0.21541666666666665, 11894.206, 263.0, 0.1292517006802721 
6.476653315728194, -107.596, -0.213484126984127, 11690.456, 216.0, 0.11904761904761904 
6.4572800294437815, -108.584, -0.21544444444444444, 11929.02, 348.0, 0.1292517006802721 
6.4379646934931545, -108.342, -0.21496428571428572, 11858.542, 661.0, 0.1326530612244898 
6.418707134532403, -108.358, -0.21499603174603174, 11858.634, 691.5, 0.12244897959183673 
6.399507179736133, -108.608, -0.2154920634920635, 11899.876, 258.0, 0.1292517006802721 
6.380364656795914, -108.13, -0.2145436507936508, 11814.762, 943.0, 0.1326530612244898 
6.36127939391873, -107.584, -0.21346031746031746, 11707.748, 2811.5, 0.1292517006802721 
6.342251219825448, -109.132, -0.21653174603174605, 12028.316, 5000.5, 0.2346938775510204 
6.323279963749265, -109.05, -0.2163690476190476, 12008.666, 606.5, 0.12585034013605442 
6.304365455434189, -109.088, -0.21644444444444444, 12004.028, 180.0, 0.1326530612244898 
6.285507525133507, -108.288, -0.21485714285714286, 11847.98, 208.5, 0.1326530612244898 
6.266706003608259, -108.624, -0.2155238095238095, 11914.832, 129.0, 0.1292517006802721 
6.247960722125719, -107.484, -0.21326190476190476, 11681.26, 230.5, 0.1326530612244898 
6.229271512457888, -107.906, -0.21409920634920637, 11752.618, 70.5, 0.12244897959183673 
6.210638206879972, -109.458, -0.21717857142857142, 12094.466, 1189.5, 0.1292517006802721 
6.192060638168892, -109.436, -0.21713492063492065, 12086.94, 904.5, 0.1292517006802721 
6.173538639601767, -109.074, -0.21641666666666667, 12016.974, 104.0, 0.12585034013605442 
6.155072044954429, -109.604, -0.21746825396825398, 12135.74, 248.5, 0.1326530612244898 
6.136660688499931, -111.172, -0.22057936507936507, 12469.156, 1340.0, 0.1326530612244898 
6.118304405007051, -108.924, -0.21611904761904763, 11982.252, 324.5, 0.1326530612244898 
6.100003029738819, -109.242, -0.21675, 12050.166, 76.5, 0.1326530612244898 
6.0817563984510326, -110.436, -0.21911904761904763, 12313.048, 816.5, 0.12585034013605442 
6.063564347390786, -110.31, -0.21886904761904763, 12300.914, 360.5, 0.11904761904761904 
6.045426713294997, -109.706, -0.21767063492063493, 12161.138, 5000.5, 0.1564625850340136 
6.027343333388946, -110.636, -0.219515873015873, 12376.712, 430.0, 0.12244897959183673 
6.009314045384814, -109.706, -0.21767063492063493, 12155.018, 1014.5, 0.12244897959183673 
5.991338687480221, -108.268, -0.21481746031746032, 11841.204, 2570.0, 0.12244897959183673 
5.9734170983567845, -109.148, -0.21656349206349207, 12034.952, 179.0, 0.1292517006802721 
5.955549117178661, -109.052, -0.21637301587301588, 12009.628, 540.5, 0.1326530612244898 
5.937734583591108, -110.592, -0.21942857142857142, 12341.868, 743.5, 0.1326530612244898 
5.9199733377190435, -110.476, -0.2191984126984127, 12338.248, 183.0, 0.12585034013605442 
5.902265220165615, -109.838, -0.21793253968253967, 12168.786, 2898.5, 0.1326530612244898 
5.884610072010763, -110.426, -0.21909920634920635, 12305.826, 1422.0, 0.1326530612244898 
5.867007734809798, -109.924, -0.2181031746031746, 12218.58, 150.0, 0.12585034013605442 
5.849458050591977, -109.954, -0.2181626984126984, 12216.534, 142.5, 0.1326530612244898 
5.83196086185909, -110.232, -0.21871428571428572, 12273.476, 104.5, 0.12585034013605442 
5.81451601158404, -110.226, -0.21870238095238095, 12269.542, 1986.0, 0.1326530612244898 
5.7971233432094404, -111.672, -0.22157142857142856, 12584.588, 28.5, 0.12585034013605442 
5.779782700646204, -109.798, -0.2178531746031746, 12178.874, 1651.0, 0.1326530612244898 
5.762493928272146, -109.398, -0.2170595238095238, 12088.786, 5000.5, 0.21768707482993196 
5.745256870930588, -111.256, -0.22074603174603175, 12477.404, 1500.5, 0.1326530612244898 
5.7280713739289615, -110.238, -0.21872619047619046, 12291.722, 2519.0, 0.1326530612244898 
5.710937283037422, -111.828, -0.22188095238095237, 12637.524, 129.5, 0.1326530612244898 
5.693854444487469, -109.758, -0.2177738095238095, 12159.874, 581.0, 0.1292517006802721 
5.676822704970556, -109.346, -0.2169563492063492, 12074.59, 1966.0, 0.1292517006802721 
5.659841911636727, -111.856, -0.22193650793650793, 12635.096, 1418.0, 0.1292517006802721 
5.642911912093233, -110.912, -0.22006349206349207, 12420.348, 235.5, 0.1326530612244898 
5.626032554403171, -111.408, -0.22104761904761905, 12535.488, 140.0, 0.1326530612244898 
5.609203687084121, -110.764, -0.21976984126984125, 12392.832, 436.0, 0.1292517006802721 
5.592425159106784, -110.348, -0.21894444444444444, 12306.544, 577.0, 0.12585034013605442 
5.5756968198936265, -109.97, -0.21819444444444444, 12206.554, 562.0, 0.1326530612244898 
5.55901851931753, -111.626, -0.22148015873015875, 12584.018, 1974.0, 0.12244897959183673 
5.542390107700445, -111.722, -0.2216706349206349, 12598.598, 527.5, 0.1326530612244898 
5.525811435812046, -111.686, -0.22159920634920635, 12585.99, 1790.0, 0.1292517006802721 
5.50928235486839, -110.738, -0.21971825396825398, 12382.29, 2149.5, 0.11904761904761904 
5.492802716530588, -114.134, -0.22645634920634922, 13163.938, 1063.5, 0.12244897959183673 
5.476372372903469, -112.516, -0.22324603174603175, 12777.732, 2618.0, 0.1326530612244898 
5.459991176534248, -110.228, -0.21870634920634918, 12264.64, 1814.5, 0.1326530612244898 
5.443658980411215, -110.988, -0.22021428571428572, 12432.964, 583.5, 0.1292517006802721 
5.427375637962407, -111.802, -0.2218293650793651, 12622.702, 742.0, 0.1292517006802721 
5.411141003054291, -111.72, -0.22166666666666665, 12599.024, 1797.0, 0.11224489795918367 
5.394954929990458, -113.098, -0.22440079365079366, 12916.594, 670.0, 0.1326530612244898 
5.378817273510315, -112.658, -0.22352777777777777, 12824.15, 5000.5, 0.27210884353741494 
5.362727888787776, -112.232, -0.22268253968253968, 12731.856, 1760.0, 0.1326530612244898 
5.34668663142997, -112.814, -0.22383730158730158, 12866.442, 1229.5, 0.1326530612244898 
5.330693357475937, -113.2, -0.2246031746031746, 12943.492, 852.0, 0.1292517006802721 
5.314747923395346, -112.58, -0.22337301587301586, 12800.512, 2878.0, 0.12585034013605442 
5.298850186087193, -111.446, -0.22112301587301586, 12540.262, 526.0, 0.12585034013605442 
5.2830000028785316, -111.336, -0.2209047619047619, 12523.632, 100.5, 0.1326530612244898 
5.267197231523183, -113.518, -0.22523412698412698, 13019.15, 5000.5, 0.22108843537414966 
5.251441730200462, -111.554, -0.22133730158730158, 12560.194, 5000.5, 0.21768707482993196 
5.235733357513905, -111.068, -0.22037301587301586, 12458.296, 1573.5, 0.1326530612244898 
5.220071972490001, -111.462, -0.2211547619047619, 12532.866, 264.5, 0.1292517006802721 
5.204457434576925, -111.698, -0.22162301587301586, 12593.966, 600.0, 0.1292517006802721 
5.18888960364328, -112.338, -0.22289285714285714, 12745.882, 2606.5, 0.10884353741496598 
5.173368339976832, -112.344, -0.22290476190476188, 12736.876, 672.5, 0.1292517006802721 
5.157893504283266, -113.016, -0.22423809523809524, 12883.948, 4099.5, 0.1326530612244898 
5.142464957684929, -112.196, -0.22261111111111112, 12715.068, 5000.5, 0.17006802721088435 
5.127082561719584, -112.29, -0.22279761904761905, 12719.342, 687.5, 0.1326530612244898 
5.111746178339176, -112.374, -0.2229642857142857, 12759.214, 2172.5, 0.1326530612244898 
5.096455669908576, -113.024, -0.22425396825396826, 12908.516, 1381.5, 0.1326530612244898 
5.081210899204364, -112.796, -0.2238015873015873, 12856.624, 330.5, 0.1292517006802721 
5.066011729413585, -112.942, -0.22409126984126984, 12873.662, 288.5, 0.1326530612244898 
5.05085802413253, -113.11, -0.22442460317460317, 12921.078, 2622.0, 0.1326530612244898 
5.035749647365502, -111.762, -0.22175, 12610.534, 2607.0, 0.1326530612244898 
5.020686463523606, -112.67, -0.2235515873015873, 12806.17, 118.0, 0.1292517006802721 
5.005668337423525, -113.318, -0.22483730158730159, 12946.018, 108.5, 0.1326530612244898 
4.990695134286309, -112.624, -0.22346031746031744, 12799.592, 2359.0, 0.1326530612244898 
4.975766719736166, -113.27, -0.2247420634920635, 12947.058, 3081.5, 0.11904761904761904 
4.960882959799254, -112.482, -0.22317857142857142, 12764.21, 1973.0, 0.1292517006802721 
4.946043720902484, -113.014, -0.22423412698412698, 12912.958, 1024.0, 0.1326530612244898 
4.931248869872313, -113.112, -0.22442857142857142, 12922.4, 499.0, 0.1292517006802721 
4.916498273933556, -113.748, -0.2256904761904762, 13078.212, 1177.0, 0.1326530612244898 
4.901791800708191, -115.676, -0.229515873015873, 13495.296, 533.0, 0.12585034013605442 
4.88712931821417, -114.806, -0.22778968253968254, 13317.89, 104.0, 0.1326530612244898 
4.87251069486424, -114.826, -0.22782936507936508, 13313.034, 1994.5, 0.12585034013605442 
4.857935799464755, -114.148, -0.22648412698412698, 13153.828, 3307.5, 0.1326530612244898 
4.843404501214504, -114.854, -0.22788492063492063, 13327.146, 2128.5, 0.1326530612244898 
4.828916669703534, -113.478, -0.22515476190476189, 13010.43, 126.0, 0.1326530612244898 
4.81447217491198, -114.658, -0.22749603174603175, 13257.974, 1232.5, 0.1326530612244898 
4.800070887208901, -115.048, -0.22826984126984126, 13347.404, 911.5, 0.1326530612244898 
4.785712677351112, -115.278, -0.2287261904761905, 13406.962, 5000.5, 0.22448979591836735 
4.771397416482029, -114.39, -0.2269642857142857, 13205.734, 1630.0, 0.1292517006802721 
4.757124976130508, -114.08, -0.22634920634920636, 13140.172, 753.0, 0.1292517006802721 
4.7428952282096954, -114.562, -0.22730555555555554, 13241.698, 2574.0, 0.12244897959183673 
4.728708045015879, -115.062, -0.22829761904761905, 13345.882, 5000.5, 0.21428571428571427 
4.714563299227336, -115.036, -0.22824603174603175, 13351.212, 425.5, 0.1326530612244898 
4.7004608639032, -115.948, -0.23005555555555554, 13574.64, 115.5, 0.1326530612244898 
4.686400612482312, -113.892, -0.22597619047619047, 13103.46, 1342.0, 0.1292517006802721 
4.67238241878209, -115.542, -0.22925, 13471.982, 972.0, 0.1326530612244898 
4.658406156997396, -114.872, -0.2279206349206349, 13313.088, 832.5, 0.1292517006802721 
4.644471701699409, -114.446, -0.22707539682539682, 13226.146, 67.5, 0.12585034013605442 
4.630578927834492, -115.644, -0.22945238095238096, 13499.748, 223.5, 0.1326530612244898 
4.6167277107230795, -116.022, -0.23020238095238096, 13584.458, 186.5, 0.12244897959183673 
4.60291792605855, -115.38, -0.22892857142857143, 13438.496, 1705.0, 0.1326530612244898 
4.589149449906117, -117.018, -0.23217857142857143, 13837.994, 162.5, 0.12244897959183673 
4.575422158701711, -115.018, -0.22821031746031747, 13346.938, 2985.5, 0.12585034013605442 
4.561735929250875, -115.134, -0.2284404761904762, 13379.058, 1384.5, 0.1326530612244898 
4.5480906387276585, -114.97, -0.22811507936507935, 13352.182, 5000.5, 0.24829931972789115 
4.534486164673512, -115.908, -0.22997619047619047, 13555.004, 52.5, 0.1292517006802721 
4.520922384996192, -116.026, -0.23021031746031745, 13584.266, 1091.0, 0.1292517006802721 
4.507399177968661, -115.978, -0.23011507936507936, 13581.838, 1229.5, 0.1326530612244898 
4.493916422227999, -116.326, -0.23080555555555554, 13644.438, 762.0, 0.1292517006802721 
4.480473996774313, -115.822, -0.22980555555555557, 13538.31, 3306.5, 0.1292517006802721 
4.4670717809696505, -115.382, -0.22893253968253968, 13445.494, 681.0, 0.12585034013605442 
4.453709654536917, -115.836, -0.22983333333333333, 13534.032, 5000.5, 0.2074829931972789 
4.440387497558797, -115.916, -0.2299920634920635, 13574.172, 521.5, 0.12244897959183673 
4.427105190476677, -116.576, -0.23130158730158729, 13720.208, 345.0, 0.1326530612244898 
4.413862614089576, -117.032, -0.2322063492063492, 13834.816, 331.5, 0.1326530612244898 
4.4006596495530665, -117.858, -0.2338452380952381, 14017.826, 606.0, 0.1292517006802721 
4.387496178378222, -115.958, -0.23007539682539682, 13574.166, 1108.0, 0.1292517006802721 
4.374372082430541, -116.822, -0.23178968253968255, 13771.298, 265.0, 0.1326530612244898 
4.361287243928892, -116.864, -0.23187301587301587, 13785.316, 5000.5, 0.21088435374149658 
4.34824154544446, -115.374, -0.22891666666666666, 13437.698, 974.0, 0.1292517006802721 
4.335234869899685, -118.988, -0.2360873015873016, 14274.796, 309.0, 0.1292517006802721 
4.322267100567217, -116.71, -0.2315674603174603, 13737.286, 647.5, 0.1292517006802721 
4.309338121068864, -118.626, -0.23536904761904762, 14188.166, 2931.5, 0.1326530612244898 
4.296447815374556, -117.37, -0.23287698412698413, 13906.858, 633.0, 0.1326530612244898 
4.283596067801291, -116.958, -0.2320595238095238, 13806.454, 5000.5, 0.22448979591836735 
4.270782763012109, -118.23, -0.23458333333333334, 14097.458, 75.5, 0.12585034013605442 
4.258007786015048, -117.664, -0.23346031746031745, 13972.308, 332.5, 0.1326530612244898 
4.245271022162118, -117.314, -0.232765873015873, 13870.902, 1291.0, 0.1326530612244898 
4.232572357148269, -119.668, -0.23743650793650795, 14458.956, 690.5, 0.1326530612244898 
4.219911677010367, -116.756, -0.23165873015873015, 13754.188, 936.5, 0.11564625850340135 
4.207288868126167, -118.844, -0.2358015873015873, 14252.332, 128.0, 0.1326530612244898 
4.1947038172133, -120.216, -0.2385238095238095, 14589.008, 337.5, 0.1326530612244898 
4.1821564113282514, -118.19, -0.23450396825396824, 14095.35, 5000.5, 0.17006802721088435 
4.169646537865348, -118.432, -0.234984126984127, 14144.928, 245.0, 0.1326530612244898 
4.15717408455575, -119.868, -0.2378333333333333, 14495.832, 111.5, 0.1292517006802721 
4.144738939466441, -118.39, -0.23490079365079367, 14137.354, 869.0, 0.1326530612244898 
4.132340990999223, -119.306, -0.23671825396825397, 14369.946, 1726.0, 0.1292517006802721 
4.119980127889718, -117.382, -0.23290079365079366, 13914.27, 998.0, 0.1326530612244898 
4.107656239206366, -118.352, -0.23482539682539683, 14145.708, 288.0, 0.1326530612244898 
4.095369214349432, -118.338, -0.23479761904761903, 14122.558, 291.5, 0.1326530612244898 
4.083118943050012, -119.068, -0.23624603174603173, 14304.904, 1958.5, 0.1292517006802721 
4.0709053153690435, -118.882, -0.23587698412698413, 14244.566, 3091.0, 0.12244897959183673 
4.05872822169632, -117.81, -0.23375, 14015.706, 79.5, 0.11224489795918367 
4.046587552749506, -119.368, -0.23684126984126982, 14367.56, 905.0, 0.1292517006802721 
4.034483199573156, -120.792, -0.23966666666666667, 14721.804, 678.5, 0.12585034013605442 
4.022415053537738, -119.086, -0.23628174603174604, 14298.714, 1159.5, 0.1326530612244898 
4.0103830063386585, -118.924, -0.23596031746031748, 14283.824, 3370.0, 0.1292517006802721 
3.99838694999529, -120.846, -0.23977380952380953, 14739.734, 2385.0, 0.1326530612244898 
3.986426776850002, -118.716, -0.23554761904761903, 14214.584, 651.5, 0.12585034013605442 
3.9745023795671934, -120.508, -0.2391031746031746, 14674.276, 173.5, 0.12585034013605442 
3.962613651132333, -120.574, -0.239234126984127, 14678.574, 1709.0, 0.1326530612244898 
3.9507604848509947, -119.83, -0.2377579365079365, 14503.986, 465.5, 0.1326530612244898 
3.938942774347904, -119.476, -0.23705555555555555, 14394.288, 3669.0, 0.1326530612244898 
3.9271604135659794, -120.73, -0.2395436507936508, 14716.498, 746.5, 0.1326530612244898 
3.915413296765384, -121.61, -0.24128968253968253, 14914.65, 3595.5, 0.1326530612244898 
3.903701318522574, -118.038, -0.23420238095238094, 14055.986, 2773.5, 0.1292517006802721 
3.892024373729355, -119.74, -0.23757936507936506, 14461.708, 168.5, 0.1292517006802721 
3.880382357591938, -121.338, -0.24075, 14848.242, 5000.5, 0.22448979591836735 
3.8687751656299953, -119.388, -0.2368809523809524, 14372.248, 3052.5, 0.1326530612244898 
3.857202693675728, -121.194, -0.2404642857142857, 14831.138, 3972.0, 0.1292517006802721 
3.8456648378729303, -118.826, -0.235765873015873, 14266.282, 4624.5, 0.1326530612244898 
3.8341614946760543, -120.924, -0.23992857142857144, 14738.884, 146.5, 0.1326530612244898 
3.8226925608492826, -119.82, -0.23773809523809522, 14486.656, 453.0, 0.1292517006802721 
3.811257933465603, -121.276, -0.2406269841269841, 14845.304, 504.0, 0.1326530612244898 
3.799857509905883, -121.162, -0.24040079365079367, 14793.67, 170.0, 0.1292517006802721 
3.78849118785795, -121.26, -0.2405952380952381, 14831.304, 2171.5, 0.12585034013605442 
3.7771588653156725, -121.434, -0.24094047619047618, 14854.13, 130.0, 0.1326530612244898 
3.7658604405780443, -120.74, -0.23956349206349206, 14698.236, 722.5, 0.1292517006802721 
3.7545958122482723, -121.364, -0.24080158730158732, 14890.052, 969.5, 0.12585034013605442 
3.7433648792328684, -122.794, -0.24363888888888888, 15214.466, 2070.0, 0.1326530612244898 
3.732167540740737, -120.274, -0.2386388888888889, 14585.37, 236.0, 0.1326530612244898 
3.7210036962822772, -120.036, -0.23816666666666667, 14520.872, 325.5, 0.1292517006802721 
3.7098732456684753, -120.31, -0.23871031746031746, 14618.642, 5000.5, 0.18707482993197277 
3.698776089010008, -121.802, -0.24167063492063492, 14974.682, 1397.0, 0.1326530612244898 
3.6877121267163475, -122.246, -0.2425515873015873, 15064.986, 203.0, 0.1326530612244898 
3.6766812594948646, -122.23, -0.24251984126984127, 15062.51, 5000.5, 0.20408163265306123 
3.6656833883499402, -122.312, -0.24268253968253967, 15092.072, 2815.0, 0.1326530612244898 
3.654718414582075, -123.192, -0.2444285714285714, 15338.616, 114.0, 0.1326530612244898 
3.6437862397870053, -121.058, -0.24019444444444446, 14794.246, 671.0, 0.12244897959183673 
3.6328867658548174, -121.978, -0.24201984126984125, 15001.618, 810.0, 0.1326530612244898 
3.622019894969072, -122.052, -0.24216666666666667, 15042.876, 1502.5, 0.12585034013605442 
3.611185529605919, -123.19, -0.24442460317460318, 15308.574, 2244.0, 0.1326530612244898 
3.6003835725332314, -122.228, -0.24251587301587302, 15071.948, 208.5, 0.1326530612244898 
3.5896139268097222, -123.728, -0.24549206349206348, 15436.836, 242.5, 0.1326530612244898 
3.578876495784085, -122.892, -0.24383333333333332, 15228.716, 157.5, 0.12244897959183673 
3.5681711830941194, -121.712, -0.2414920634920635, 14946.528, 1093.5, 0.1326530612244898 
3.5574978926658667, -122.588, -0.2432301587301587, 15163.572, 5000.5, 0.24829931972789115 
3.5468565287127523, -123.74, -0.245515873015873, 15431.428, 539.0, 0.12244897959183673 
3.536246995734722, -123.194, -0.2444325396825397, 15292.59, 5000.5, 0.18027210884353742 
3.5256691985173862, -122.844, -0.24373809523809523, 15224.376, 4741.0, 0.1326530612244898 
3.5151230421311648, -123.162, -0.24436904761904762, 15296.126, 3106.5, 0.12244897959183673 
3.5046084319304356, -124.142, -0.24631349206349207, 15539.606, 139.5, 0.12244897959183673 
3.4941252735526867, -122.212, -0.242484126984127, 15066.024, 2104.0, 0.12244897959183673 
3.483673472917666, -125.55, -0.24910714285714286, 15893.574, 2121.0, 0.1292517006802721 
3.4732529362265407, -123.15, -0.24434523809523812, 15287.982, 1001.5, 0.1326530612244898 
3.462863569961052, -125.348, -0.2487063492063492, 15859.368, 2150.5, 0.1326530612244898 
3.452505280882679, -125.852, -0.2497063492063492, 15976.108, 2289.0, 0.1326530612244898 
3.4421779760317994, -124.498, -0.24701984126984128, 15630.206, 5000.5, 0.23809523809523808 
3.4318815627268573, -124.716, -0.24745238095238095, 15673.492, 5000.5, 0.22789115646258504 
3.4216159485635296, -123.618, -0.2452738095238095, 15405.414, 5000.5, 0.23809523809523808 
3.4113810414138985, -124.204, -0.24643650793650793, 15544.308, 2886.5, 0.1326530612244898 
3.4011767494256224, -124.412, -0.24684920634920637, 15629.464, 331.0, 0.1326530612244898 
3.391002981021114, -124.076, -0.24618253968253967, 15521.028, 5000.5, 0.25510204081632654 
3.3808596448967174, -123.542, -0.24512301587301588, 15409.554, 2154.0, 0.1292517006802721 
3.3707466500218897, -123.49, -0.24501984126984125, 15389.794, 507.5, 0.1326530612244898 
3.3606639056383796, -124.806, -0.24763095238095237, 15693.59, 1745.0, 0.12244897959183673 
3.3506113212594206, -127.298, -0.2525753968253968, 16366.394, 5000.5, 0.22789115646258504 
3.3405888066689124, -125.26, -0.24853174603174605, 15819.832, 2247.5, 0.1326530612244898 
3.330596271920614, -125.37, -0.24875, 15857.09, 5000.5, 0.22789115646258504 
3.320633627337335, -126.26, -0.250515873015873, 16089.596, 301.5, 0.1326530612244898 
3.3107007835101343, -124.74, -0.2475, 15690.656, 3805.0, 0.12244897959183673 
3.300797651297513, -126.052, -0.2501031746031746, 16016.616, 3267.0, 0.1326530612244898 
3.290924141824618, -127.008, -0.252, 16269.588, 4971.0, 0.1326530612244898 
3.2810801664824414, -127.05, -0.2520833333333333, 16292.894, 2452.0, 0.12585034013605442 
3.27126563692703, -126.028, -0.2500555555555556, 16012.172, 2476.5, 0.1292517006802721 
3.2614804650786855, -127.136, -0.25225396825396823, 16293.88, 5000.5, 0.19387755102040816 
3.251724563121182, -125.108, -0.24823015873015875, 15779.468, 217.5, 0.1326530612244898 
3.2419978435009704, -126.806, -0.25159920634920635, 16231.422, 5000.5, 0.18707482993197277 
3.2323002189263983, -125.426, -0.24886111111111112, 15866.95, 328.5, 0.1292517006802721 
3.2226316023669233, -127.902, -0.2537738095238095, 16490.038, 560.0, 0.1326530612244898 
3.2129919070523334, -125.792, -0.24958730158730158, 15956.584, 936.5, 0.1326530612244898 
3.203381046471968, -126.974, -0.2519325396825397, 16259.242, 727.0, 0.1326530612244898 
3.193798934373942, -127.404, -0.2527857142857143, 16349.968, 1071.5, 0.1326530612244898 
3.18424548476437, -128.148, -0.25426190476190474, 16559.26, 1306.0, 0.1292517006802721 
3.1747206119065967, -127.62, -0.2532142857142857, 16399.78, 5000.5, 0.24829931972789115 
3.165224230320427, -129.192, -0.25633333333333336, 16840.08, 3506.0, 0.1292517006802721 
3.1557562547813562, -126.344, -0.2506825396825397, 16114.048, 2102.0, 0.12585034013605442 
3.1463166003198095, -126.55, -0.25109126984126984, 16167.91, 950.5, 0.1326530612244898 
3.1369051822203775, -126.568, -0.25112698412698414, 16137.18, 716.0, 0.1326530612244898 
3.127521916021054, -128.026, -0.2540198412698413, 16536.954, 1728.5, 0.1326530612244898 
3.11816671751248, -128.46, -0.2548809523809524, 16622.624, 4579.0, 0.12244897959183673 
3.1088395027371893, -126.56, -0.2511111111111111, 16162.716, 2646.5, 0.1292517006802721 
3.099540187988853, -126.86, -0.2517063492063492, 16232.436, 1918.5, 0.1326530612244898 
3.090268689811526, -129.002, -0.25595634920634924, 16782.306, 3397.0, 0.1326530612244898 
3.0810249249989052, -131.352, -0.26061904761904764, 17374.384, 5000.5, 0.282312925170068 
3.0718088105935752, -127.862, -0.25369444444444444, 16479.922, 1494.0, 0.1326530612244898 
3.0626202638862674, -128.548, -0.25505555555555554, 16650.292, 452.0, 0.12244897959183673 
3.053459202415118, -129.138, -0.2562261904761905, 16821.614, 5000.5, 0.30612244897959184 
3.044325543964926, -128.55, -0.25505952380952385, 16653.054, 64.0, 0.1326530612244898 
3.0352192065664196, -130.468, -0.25886507936507935, 17168.464, 1850.5, 0.1292517006802721 
3.026140108495513, -130.194, -0.25832142857142854, 17090.83, 5000.5, 0.24829931972789115 
3.0170881682725814, -130.204, -0.25834126984126987, 17100.66, 742.5, 0.1326530612244898 
3.008063304661724, -129.138, -0.2562261904761905, 16803.318, 609.0, 0.1326530612244898 
2.9990654366700364, -130.228, -0.2583888888888889, 17093.128, 901.5, 0.1326530612244898 
2.990094483546886, -129.558, -0.2570595238095238, 16937.078, 391.0, 0.1292517006802721 
2.9811503647831845, -131.242, -0.2604007936507936, 17362.806, 2221.5, 0.1292517006802721 
2.9722330001106663, -132.378, -0.2626547619047619, 17666.206, 228.0, 0.12244897959183673 
2.9633423095011677, -130.736, -0.2593968253968254, 17230.268, 2542.5, 0.1326530612244898 
2.9544782131659115, -129.478, -0.25690079365079366, 16893.314, 575.5, 0.12244897959183673 
2.945640631554785, -131.016, -0.25995238095238093, 17294.668, 426.5, 0.11904761904761904 
2.9368294853556325, -132.316, -0.26253174603174606, 17631.06, 5000.5, 0.282312925170068 
2.9280446954935395, -130.224, -0.2583809523809524, 17096.504, 3681.5, 0.1326530612244898 
2.919286183130126, -129.686, -0.2573134920634921, 16947.846, 2418.0, 0.1292517006802721 
2.9105538696628352, -130.536, -0.259, 17177.768, 404.5, 0.1292517006802721 
2.9018476767242305, -129.8, -0.25753968253968257, 16986.552, 1844.5, 0.1292517006802721 
2.8931675261812932, -130.542, -0.2590119047619048, 17166.434, 2865.5, 0.1326530612244898 
2.8845133401347196, -130.916, -0.25975396825396824, 17277.428, 1883.5, 0.1326530612244898 
2.87588504091822, -130.576, -0.2590793650793651, 17180.772, 560.0, 0.1326530612244898 
2.8672825510978273, -131.594, -0.26109920634920636, 17441.922, 1045.5, 0.12244897959183673 
2.8587057934711964, -130.836, -0.2595952380952381, 17259.74, 176.0, 0.1326530612244898 
2.8501546910669138, -131.266, -0.2604484126984127, 17369.586, 5000.5, 0.24149659863945577 
2.8416291671438088, -131.336, -0.2605873015873016, 17394.68, 218.5, 0.1292517006802721 
2.8331291451902603, -129.726, -0.25739285714285715, 16947.306, 3304.5, 0.12585034013605442 
2.8246545489235135, -130.942, -0.25980555555555557, 17289.11, 363.0, 0.1292517006802721 
2.816205302288995, -132.642, -0.26317857142857143, 17757.386, 5000.5, 0.17687074829931973 
2.8077813294596283, -133.95, -0.2657738095238095, 18094.814, 2633.0, 0.12585034013605442 
2.7993825548351547, -133.09, -0.2640674603174603, 17856.686, 3253.0, 0.1326530612244898 
2.7910089030414564, -133.698, -0.2652738095238095, 18012.606, 5000.5, 0.22108843537414966 
2.7826602989298763, -132.158, -0.26221825396825393, 17627.506, 5000.5, 0.2312925170068027 
2.7743366675765477, -131.72, -0.26134920634920633, 17491.664, 1156.5, 0.1292517006802721 
2.7660379342817185, -133.17, -0.26422619047619045, 17876.894, 1990.5, 0.1292517006802721 
2.757764024569082, -132.348, -0.2625952380952381, 17653.516, 5000.5, 0.2789115646258503 
2.7495148641851097, -132.646, -0.2631865079365079, 17717.01, 5000.5, 0.21088435374149658 
2.7412903790983827, -134.218, -0.2663055555555555, 18161.382, 5000.5, 0.24149659863945577 
2.733090495498931, -135.194, -0.2682420634920635, 18415.27, 5000.5, 0.2789115646258503 
2.7249151397975653, -135.74, -0.26932539682539686, 18559.748, 2542.0, 0.12585034013605442 
2.7167642386252226, -136.282, -0.27040079365079367, 18706.354, 5000.5, 0.20408163265306123 
2.7086377188323034, -136.618, -0.2710674603174603, 18823.166, 4588.0, 0.1326530612244898 
2.700535507488019, -134.344, -0.26655555555555555, 18186.032, 1350.5, 0.1292517006802721 
2.6924575318797315, -135.106, -0.2680674603174603, 18393.226, 5000.5, 0.15306122448979592 
2.6844037195123076, -133.988, -0.26584920634920634, 18078.512, 5000.5, 0.25510204081632654 
2.6763739981074646, -135.11, -0.26807539682539683, 18377.67, 1201.0, 0.1326530612244898 
2.6683682956031207, -133.108, -0.2641031746031746, 17863.1, 5000.5, 0.19727891156462585 
2.660386540152751, -134.256, -0.2663809523809524, 18157.488, 4291.0, 0.1326530612244898 
2.6524286601247415, -134.666, -0.26719444444444446, 18252.782, 5000.5, 0.18027210884353742 
2.644494584101746, -134.33, -0.2665277777777778, 18167.054, 5000.5, 0.18027210884353742 
2.6365842408800444, -136.716, -0.27126190476190476, 18829.8, 5000.5, 0.2857142857142857 
2.6286975594689066, -136.34, -0.27051587301587304, 18748.068, 5000.5, 0.21428571428571427 
2.620834469089952, -137.95, -0.27371031746031743, 19176.774, 5000.5, 0.24489795918367346 
2.612994899176517, -136.072, -0.269984126984127, 18644.148, 5000.5, 0.2925170068027211 
2.6051787793730186, -135.582, -0.26901190476190473, 18504.614, 5000.5, 0.2312925170068027 
2.5973860395343267, -136.588, -0.2710079365079365, 18802.704, 5000.5, 0.19047619047619047 
2.5896166097251334, -137.528, -0.2728730158730159, 19041.896, 1086.0, 0.12585034013605442 
2.5818704202193214, -136.48, -0.27079365079365075, 18772.316, 2125.0, 0.1326530612244898 
2.5741474014993453, -135.012, -0.2678809523809524, 18377.292, 5000.5, 0.2755102040816326 
2.5664474842556024, -138.398, -0.2745992063492063, 19292.026, 4401.0, 0.1326530612244898 
2.5587705993858116, -135.998, -0.26983730158730157, 18640.786, 935.5, 0.1326530612244898 
2.5511166779943957, -138.246, -0.27429761904761907, 19254.258, 5000.5, 0.21088435374149658 
2.54348565139186, -137.742, -0.273297619047619, 19118.398, 5000.5, 0.25510204081632654 
2.5358774510941777, -135.678, -0.26920238095238097, 18557.666, 5000.5, 0.22789115646258504 
2.528292008822175, -139.178, -0.2761468253968254, 19517.598, 5000.5, 0.18367346938775508 
2.5207292565009176, -139.39, -0.27656746031746027, 19616.682, 5000.5, 0.24149659863945577 
2.5131891262591006, -139.968, -0.2777142857142857, 19737.208, 5000.5, 0.2346938775510204 
2.5056715504284393, -138.262, -0.27432936507936506, 19266.91, 486.0, 0.1292517006802721 
2.4981764615430624, -139.534, -0.2768531746031746, 19632.762, 130.0, 0.1326530612244898 
2.4907037923389037, -138.114, -0.27403571428571427, 19217.69, 5000.5, 0.21768707482993196 
2.483253475753103, -139.448, -0.2766825396825397, 19599.388, 5000.5, 0.25510204081632654 
2.4758254449234003, -138.18, -0.27416666666666667, 19225.148, 1356.0, 0.1326530612244898 
2.468419633187538, -138.678, -0.2751547619047619, 19426.758, 5000.5, 0.2619047619047619 
2.461035974082661, -138.982, -0.2757579365079365, 19461.662, 5000.5, 0.2653061224489796 
2.4536744013447236, -138.816, -0.2754285714285714, 19414.624, 5000.5, 0.22108843537414966 
2.446334848907889, -140.692, -0.27915079365079365, 19939.152, 5000.5, 0.19727891156462585 
2.4390172509039427, -139.854, -0.27748809523809526, 19694.03, 5000.5, 0.2619047619047619 
2.4317215416616964, -138.334, -0.27447222222222223, 19264.786, 5000.5, 0.2789115646258503 
2.4244476557064027, -138.92, -0.2756349206349206, 19440.372, 5000.5, 0.17687074829931973 
2.4171955277591635, -142.384, -0.2825079365079365, 20460.98, 5000.5, 0.18707482993197277 
2.4099650927363476, -141.368, -0.28049206349206346, 20121.212, 2947.5, 0.1326530612244898 
2.4027562857490046, -141.318, -0.28039285714285717, 20110.138, 204.0, 0.1292517006802721 
2.395569042102283, -141.872, -0.2814920634920635, 20256.248, 5000.5, 0.20408163265306123 
2.38840329729485, -140.926, -0.27961507936507934, 19991.082, 4646.5, 0.1326530612244898 
2.3812589870183127, -140.904, -0.2795714285714286, 20005.444, 5000.5, 0.2755102040816326 
2.37413604715664, -141.708, -0.2811666666666667, 20220.56, 5000.5, 0.22448979591836735 
2.3670344137855883, -141.104, -0.279968253968254, 20052.34, 5000.5, 0.2585034013605442 
2.3599540231721274, -140.75, -0.279265873015873, 19970.366, 3756.5, 0.12585034013605442 
2.3528948117738677, -143.574, -0.28486904761904763, 20764.55, 5000.5, 0.25170068027210885 
2.345856716238492, -140.618, -0.2790039682539682, 19914.51, 5000.5, 0.24149659863945577 
2.3388396734031853, -139.76, -0.27730158730158727, 19666.176, 5000.5, 0.2789115646258503 
2.331843620294067, -140.034, -0.2778452380952381, 19752.85, 5000.5, 0.2925170068027211 
2.324868494125629, -142.612, -0.28296031746031747, 20470.848, 5000.5, 0.2789115646258503 
2.3179142323001694, -141.416, -0.2805873015873016, 20140.508, 5000.5, 0.30272108843537415 
2.3109807724072313, -140.158, -0.2780912698412698, 19786.97, 5000.5, 0.20068027210884354 
2.3040680522230446, -143.032, -0.2837936507936508, 20594.364, 3387.5, 0.1326530612244898 
2.297176009709964, -143.016, -0.28376190476190477, 20579.688, 5000.5, 0.22448979591836735 
2.290304583015915, -144.002, -0.285718253968254, 20874.082, 5000.5, 0.23809523809523808 
2.283453710473839, -144.52, -0.28674603174603175, 21013.452, 5000.5, 0.20068027210884354 
2.276623330601138, -141.114, -0.27998809523809526, 20053.778, 1853.5, 0.12585034013605442 
2.2698133820991235, -143.902, -0.28551984126984126, 20841.198, 5000.5, 0.19047619047619047 
2.2630238038524686, -143.2, -0.2841269841269841, 20657.496, 709.0, 0.1326530612244898 
2.256254534928655, -144.22, -0.28615079365079366, 20952.816, 1607.5, 0.1326530612244898 
2.2495055145774305, -145.112, -0.2879206349206349, 21224.268, 3475.0, 0.12585034013605442 
2.2427766822302613, -145.314, -0.28832142857142856, 21253.422, 2460.0, 0.1326530612244898 
2.23606797749979, -147.734, -0.29312301587301587, 21961.198, 5000.5, 0.2312925170068027 
2.229379340179291, -144.204, -0.28611904761904766, 20926.368, 5000.5, 0.19387755102040816 
2.222710710242135, -145.48, -0.28865079365079366, 21297.264, 140.0, 0.1326530612244898 
2.216062027841245, -144.76, -0.2872222222222222, 21096.396, 5000.5, 0.22448979591836735 
2.2094332333085616, -146.636, -0.29094444444444445, 21675.728, 5000.5, 0.19047619047619047 
2.2028242671545093, -146.222, -0.29012301587301587, 21510.018, 5000.5, 0.2074829931972789 
2.1962350700674587, -149.132, -0.2958968253968254, 22412.048, 5000.5, 0.282312925170068 
2.1896655829131966, -144.81, -0.28732142857142856, 21138.598, 5000.5, 0.29591836734693877 
2.183115746734397, -144.382, -0.28647222222222224, 21017.974, 5000.5, 0.24489795918367346 
2.176585502750087, -148.472, -0.2945873015873016, 22211.584, 5000.5, 0.22448979591836735 
2.170074792355125, -146.236, -0.2901507936507936, 21542.464, 5000.5, 0.2346938775510204 
2.16358355711967, -145.512, -0.2887142857142857, 21314.92, 5000.5, 0.30952380952380953 
2.15711173878866, -147.928, -0.2935079365079365, 22034.044, 5000.5, 0.20068027210884354 
2.150659279281289, -147.26, -0.29218253968253965, 21871.304, 5000.5, 0.26870748299319724 
2.1442261206904836, -142.208, -0.28215873015873016, 20358.496, 5000.5, 0.2346938775510204 
2.137812205282387, -148.016, -0.29368253968253966, 22047.512, 5000.5, 0.22448979591836735 
2.1314174754958364, -148.086, -0.2938214285714286, 22070.458, 5000.5, 0.23809523809523808 
2.1250418739418513, -147.088, -0.29184126984126985, 21792.268, 5000.5, 0.22108843537414966 
2.1186853434031145, -149.914, -0.29744841269841266, 22603.606, 5000.5, 0.25510204081632654 
2.1123478268334597, -147.762, -0.29317857142857146, 21982.738, 5000.5, 0.20068027210884354 
2.106029267357361, -148.59, -0.29482142857142857, 22222.482, 5000.5, 0.19047619047619047 
2.099729608269421, -149.304, -0.29623809523809524, 22433.12, 1205.5, 0.1326530612244898 
2.093448793033862, -148.954, -0.2955436507936508, 22330.382, 1080.0, 0.12585034013605442 
2.0871867652840193, -148.18, -0.2940079365079365, 22117.164, 4261.0, 0.12244897959183673 
2.0809434688218347, -148.678, -0.29499603174603173, 22252.194, 1044.5, 0.1292517006802721 
2.074718847617352, -150.366, -0.2983452380952381, 22770.086, 3002.0, 0.1326530612244898 
2.068512845808216, -151.63, -0.30085317460317457, 23144.49, 5000.5, 0.27210884353741494 
2.0623254076991686, -152.192, -0.301968253968254, 23307.8, 5000.5, 0.17346938775510204 
2.05615647776155, -149.252, -0.29613492063492064, 22422.008, 5000.5, 0.2857142857142857 
2.0500060006328007, -150.354, -0.29832142857142857, 22762.814, 979.5, 0.12244897959183673 
2.0438739211159653, -149.888, -0.2973968253968254, 22599.772, 5000.5, 0.30612244897959184 
2.037760184179195, -149.152, -0.2959365079365079, 22391.14, 5000.5, 0.22789115646258504 
2.031664734955256, -151.23, -0.3000595238095238, 22993.714, 1853.5, 0.1326530612244898 
2.025587518741035, -150.686, -0.29898015873015876, 22842.926, 5000.5, 0.22108843537414966 
2.01952848099705, -152.31, -0.30220238095238094, 23335.066, 5000.5, 0.25170068027210885 
2.0134875673469605, -152.826, -0.3032261904761905, 23523.794, 5000.5, 0.27210884353741494 
2.007464723577079, -149.822, -0.29726587301587304, 22585.362, 5000.5, 0.19047619047619047 
2.001459895635884, -153.774, -0.30510714285714285, 23819.858, 5000.5, 0.30612244897959184 
1.9954730296335366, -151.686, -0.30096428571428574, 23141.606, 5000.5, 0.22789115646258504 
1.9895040718413952, -155.352, -0.30823809523809526, 24291.668, 5000.5, 0.19047619047619047 
1.9835529686915345, -153.658, -0.3048769841269841, 23756.326, 5000.5, 0.24829931972789115 
1.9776196667762636, -153.552, -0.30466666666666664, 23731.604, 5000.5, 0.24829931972789115 
1.9717041128476476, -154.248, -0.306047619047619, 23944.484, 5000.5, 0.24489795918367346 
1.9658062538170296, -151.51, -0.30061507936507936, 23109.354, 5000.5, 0.2619047619047619 
1.959926036754554, -153.84, -0.30523809523809525, 23812.34, 5000.5, 0.21428571428571427 
1.9540634088886912, -157.478, -0.31245634920634924, 24979.562, 5000.5, 0.27210884353741494 
1.9482183176057657, -155.108, -0.3077539682539683, 24209.892, 5000.5, 0.19727891156462585 
1.942390710449481, -151.638, -0.30086904761904765, 23157.734, 5000.5, 0.20068027210884354 
1.9365805351204517, -152.602, -0.302781746031746, 23433.582, 5000.5, 0.22108843537414966 
1.9307877394757322, -156.198, -0.3099166666666667, 24592.814, 5000.5, 0.24489795918367346 
1.92501227152835, -154.268, -0.3060873015873016, 23944.58, 5000.5, 0.20068027210884354 
1.919254079446838, -156.576, -0.31066666666666665, 24669.632, 5000.5, 0.2789115646258503 
1.91351311155477, -154.26, -0.30607142857142855, 23936.616, 5000.5, 0.25510204081632654 
1.9077893163302981, -157.2, -0.3119047619047619, 24875.688, 5000.5, 0.22789115646258504 
1.9020826424056874, -155.056, -0.3076507936507937, 24180.272, 5000.5, 0.2312925170068027 
1.896393038566858, -157.192, -0.3118888888888889, 24894.264, 5000.5, 0.25170068027210885 
1.890720453752923, -157.35, -0.31220238095238095, 24933.422, 1031.5, 0.1326530612244898 
1.8850648370557321, -159.35, -0.3161706349206349, 25562.762, 5000.5, 0.2585034013605442 
1.8794261377194137, -157.254, -0.31201190476190477, 24923.41, 5000.5, 0.30272108843537415 
1.8738043051399207, -156.214, -0.3099484126984127, 24567.774, 5000.5, 0.24489795918367346 
1.8681992888645733, -158.562, -0.31460714285714286, 25329.494, 4762.5, 0.1326530612244898 
1.8626110385916095, -158.038, -0.31356746031746036, 25161.898, 5000.5, 0.31972789115646255 
1.857039504169733, -161.156, -0.3197539682539683, 26153.208, 2916.0, 0.1292517006802721 
1.851484635597662, -157.178, -0.3118611111111111, 24835.23, 5000.5, 0.2585034013605442 
1.8459463830236795, -160.372, -0.3181984126984127, 25921.18, 5000.5, 0.23809523809523808 
1.8404246967451896, -157.762, -0.3130198412698413, 25065.434, 5000.5, 0.31632653061224486 
1.8349195272082683, -158.636, -0.31475396825396823, 25326.108, 5000.5, 0.22448979591836735 
1.82943082500722, -161.992, -0.32141269841269837, 26402.324, 5000.5, 0.2891156462585034 
1.823958540884134, -158.602, -0.31468650793650793, 25303.346, 5000.5, 0.22108843537414966 
1.8185026257284418, -159.14, -0.31575396825396823, 25505.284, 5000.5, 0.2619047619047619 
1.8130630305764766, -159.268, -0.3160079365079365, 25539.512, 5000.5, 0.24829931972789115 
1.807639706611036, -157.83, -0.31315476190476194, 25083.882, 5000.5, 0.25510204081632654 
1.8022326051609394, -164.444, -0.3262777777777778, 27184.736, 5000.5, 0.2755102040816326 
1.7968416777005958, -161.74, -0.3209126984126984, 26316.392, 5000.5, 0.2891156462585034 
1.7914668758495655, -160.144, -0.3177460317460318, 25808.456, 5000.5, 0.2619047619047619 
1.7861081513721273, -162.368, -0.32215873015873014, 26517.028, 886.5, 0.1292517006802721 
1.7807654561768445, -164.586, -0.32655952380952386, 27249.962, 5000.5, 0.24149659863945577 
1.7754387423161337, -162.126, -0.3216785714285714, 26459.462, 5000.5, 0.2925170068027211 
1.7701279619858363, -163.95, -0.325297619047619, 27035.322, 5000.5, 0.17346938775510204 
1.7648330675247856, -160.922, -0.31928968253968254, 26019.35, 5000.5, 0.22448979591836735 
1.7595540114143828, -162.264, -0.321952380952381, 26473.704, 5000.5, 0.24489795918367346 
1.754290746278169, -162.348, -0.32211904761904764, 26519.472, 5000.5, 0.2619047619047619 
1.7490432248813996, -162.28, -0.321984126984127, 26502.492, 5000.5, 0.2891156462585034 
1.7438114001306213, -164.192, -0.3257777777777778, 27138.736, 5000.5, 0.3435374149659864 
1.7385952250732484, -163.206, -0.32382142857142854, 26785.618, 5000.5, 0.22108843537414966 
1.7333946528971433, -161.78, -0.3209920634920635, 26310.012, 5000.5, 0.3469387755102041 
1.728209636930194, -161.212, -0.31986507936507935, 26127.376, 5000.5, 0.35034013605442177 
1.7230401306398972, -165.15, -0.32767857142857143, 27493.402, 5000.5, 0.3401360544217687 
1.7178860876329396, -162.24, -0.3219047619047619, 26467.772, 5000.5, 0.35714285714285715 
1.7127474616547822, -163.736, -0.32487301587301587, 26956.324, 5000.5, 0.2346938775510204 
1.7076242065892442, -163.394, -0.32419444444444445, 26861.794, 5000.5, 0.2857142857142857 
1.7025162764580903, -165.904, -0.3291746031746032, 27684.384, 5000.5, 0.31632653061224486 
1.6974236254206176, -169.726, -0.3367579365079365, 29077.91, 5000.5, 0.2755102040816326 
1.6923462077732443, -167.848, -0.33303174603174607, 28356.1, 5000.5, 0.30612244897959184 
1.687283977949099, -166.626, -0.3306071428571429, 27942.194, 5000.5, 0.2789115646258503 
1.6822368905176122, -169.786, -0.33687698412698414, 28988.726, 5000.5, 0.4149659863945578 
1.6772049001841087, -166.016, -0.32939682539682535, 27737.984, 5000.5, 0.25510204081632654 
1.6721879617894015, -171.032, -0.33934920634920634, 29410.188, 5000.5, 0.3979591836734694 
1.6671860303093848, -169.198, -0.3357103174603175, 28785.566, 5000.5, 0.2619047619047619 
1.6621990608546326, -167.538, -0.3324166666666667, 28212.242, 5000.5, 0.2925170068027211 
1.6572270086699936, -169.208, -0.3357301587301587, 28842.712, 5000.5, 0.22448979591836735 
1.6522698291341897, -175.334, -0.34788492063492066, 31087.338, 5000.5, 0.2857142857142857 
1.6473274777594173, -175.188, -0.34759523809523807, 30916.536, 5000.5, 0.3401360544217687 
1.6423999101909468, -172.972, -0.3431984126984127, 30103.544, 5000.5, 0.47619047619047616 
1.6374870822067233, -171.694, -0.3406626984126984, 29655.606, 5000.5, 0.3299319727891156 
1.6325889497169732, -170.82, -0.3389285714285714, 29467.972, 5000.5, 0.2891156462585034 
1.6277054687638046, -170.24, -0.3377777777777778, 29138.188, 5000.5, 0.2312925170068027 
1.6228365955208157, -176.422, -0.3500436507936508, 31342.558, 5000.5, 0.2312925170068027 
1.6179822862927002, -168.428, -0.3341825396825397, 28524.804, 5000.5, 0.30612244897959184 
1.6131424975148547, -171.074, -0.3394325396825397, 29454.702, 5000.5, 0.4013605442176871 
1.6083171857529897, -168.334, -0.33399603174603176, 28548.03, 5000.5, 0.2619047619047619 
1.603506307702737, -174.908, -0.34703968253968254, 30787.892, 5000.5, 0.36734693877551017 
1.5987098201892638, -168.246, -0.3338214285714286, 28467.242, 5000.5, 0.3843537414965986 
1.5939276801668834, -169.39, -0.3360912698412698, 28848.502, 5000.5, 0.40476190476190477 
1.5891598447186692, -178.406, -0.35398015873015876, 32042.93, 5000.5, 0.3401360544217687 
1.584406271056071, -176.236, -0.34967460317460314, 31275.708, 5000.5, 0.3435374149659864 
1.5796669165185282, -168.724, -0.3347698412698413, 28636.504, 5000.5, 0.25170068027210885 
1.5749417385730902, -173.94, -0.3451190476190476, 30501.028, 5000.5, 0.27210884353741494 
1.5702306948140319, -175.97, -0.3491468253968254, 31158.938, 5000.5, 0.31632653061224486 
1.5655337429624747, -178.024, -0.3532222222222222, 31932.488, 5000.5, 0.35374149659863946 
1.560850840866007, -173.652, -0.34454761904761905, 30369.728, 5000.5, 0.36734693877551017 
1.5561819464983047, -177.518, -0.35221825396825396, 31729.646, 5000.5, 0.37414965986394555 
1.5515270179587561, -175.174, -0.34756746031746033, 30927.29, 5000.5, 0.35374149659863946 
1.5468860134720839, -177.88, -0.35293650793650794, 31878.032, 5000.5, 0.35714285714285715 
1.5422588913879711, -184.052, -0.36518253968253966, 34187.428, 5000.5, 0.4489795918367347 
1.537645610180688, -180.592, -0.35831746031746037, 33006.596, 5000.5, 0.3299319727891156 
1.5330461284487171, -177.634, -0.35244841269841265, 31791.03, 5000.5, 0.35374149659863946 
1.5284604049143846, -182.058, -0.3612261904761905, 33357.382, 5000.5, 0.3129251700680272 
1.5238883984234883, -175.53, -0.34827380952380954, 31018.31, 5000.5, 0.2857142857142857 
1.5193300679449282, -177.518, -0.35221825396825396, 31757.474, 5000.5, 0.4523809523809524 
1.5147853725703384, -179.876, -0.3568968253968254, 32639.26, 5000.5, 0.30272108843537415 
1.5102542715137202, -180.708, -0.35854761904761906, 32906.304, 5000.5, 0.30612244897959184 
1.5057367241110766, -186.89, -0.370813492063492, 35217.41, 5000.5, 0.37755102040816324 
1.5012326898200459, -181.618, -0.3603531746031746, 33236.07, 5000.5, 0.3435374149659864 
1.4967421282195394, -182.5, -0.3621031746031746, 33524.452, 5000.5, 0.2755102040816326 
1.492264999009378, -197.722, -0.3923055555555556, 39457.994, 5000.5, 0.3945578231292517 
1.4878012620099295, -199.256, -0.39534920634920634, 40039.1, 5000.5, 0.5612244897959183 
1.48335087716175, -178.228, -0.3536269841269841, 31990.348, 5000.5, 0.3469387755102041 
1.4789138045252233, -186.576, -0.3701904761904762, 35115.392, 5000.5, 0.3333333333333333 
1.474490004280202, -194.656, -0.38622222222222224, 38327.452, 5000.5, 0.5544217687074829 
1.4700794367256513, -186.084, -0.3692142857142857, 34928.828, 5000.5, 0.5306122448979592 
1.4656820622792919, -193.15, -0.383234126984127, 37678.706, 5000.5, 0.2074829931972789 
1.4612978414772446, -187.434, -0.37189285714285714, 35351.174, 5000.5, 0.42176870748299317 
1.456926734973677, -194.038, -0.38499603174603175, 37966.206, 5000.5, 0.24149659863945577 
1.4525687035404498, -194.856, -0.3866190476190476, 38274.456, 5000.5, 0.3877551020408163 
1.4482237080667648, -201.31, -0.39942460317460315, 40916.358, 5000.5, 0.42857142857142855 
1.4438917095588137, -188.166, -0.37334523809523806, 35652.818, 5000.5, 0.738095238095238 
1.4395726691394293, -181.892, -0.3608968253968254, 33291.584, 5000.5, 0.37074829931972786 
1.4352665480477342, -194.594, -0.38609920634920636, 38105.826, 5000.5, 0.29591836734693877 
1.430973307638796, -189.462, -0.3759166666666666, 36148.198, 5000.5, 0.3979591836734694 
1.4266929093832779, -196.012, -0.38891269841269843, 38687.556, 5000.5, 0.4387755102040816 
1.4224253148670942, -197.806, -0.3924722222222222, 39449.158, 5000.5, 0.4625850340136054 
1.4181704857910662, -199.128, -0.39509523809523805, 39995.628, 5000.5, 0.3979591836734694 
1.413928383970576, -201.338, -0.39948015873015874, 40730.21, 5000.5, 0.24149659863945577 
1.4096989713352268, -210.454, -0.41756746031746034, 44543.966, 5000.5, 0.24829931972789115 
1.405482209928499, -191.818, -0.38059126984126984, 37091.674, 5000.5, 0.6564625850340136 
1.4012780619074108, -200.494, -0.3978055555555556, 40489.178, 5000.5, 0.5136054421768708 
1.3970864895421784, -205.386, -0.40751190476190474, 42463.082, 5000.5, 0.391156462585034 
1.3929074552158762, -210.34, -0.41734126984126985, 44459.168, 5000.5, 0.6258503401360545 
1.388740921424102, -204.698, -0.4061468253968254, 42097.626, 5000.5, 0.6258503401360545 
1.384586850774637, -197.008, -0.3908888888888889, 39018.268, 5000.5, 0.4727891156462585 
1.3804452059871126, -201.264, -0.3993333333333334, 40848.744, 5000.5, 0.4965986394557823 
1.3763159498926745, -208.284, -0.4132619047619047, 43528.564, 5000.5, 0.6564625850340136 
1.3721990454336506, -223.124, -0.4427063492063492, 49974.48, 5000.5, 0.5374149659863945 
1.368094455663217, -234.004, -0.46429365079365076, 55004.78, 5000.5, 0.32653061224489793 
1.364002143745067, -237.124, -0.47048412698412695, 56313.64, 5000.5, 0.4965986394557823 
1.3599220729530805, -230.38, -0.45710317460317457, 53247.964, 5000.5, 0.8435374149659863 
1.3558542066709947, -231.008, -0.4583492063492064, 53505.868, 5000.5, 0.47959183673469385 
1.3517985083920745, -212.004, -0.42064285714285715, 45205.032, 5000.5, 0.8027210884353742 
1.3477549417187862, -206.896, -0.4105079365079365, 42948.384, 5000.5, 0.7448979591836734 
1.3437234703624699, -206.1, -0.4089285714285714, 42948.996, 5000.5, 0.4489795918367347 
1.3397040581430142, -202.784, -0.40234920634920635, 41392.232, 5000.5, 0.5272108843537415 
1.3356966689885317, -219.268, -0.4350555555555556, 48239.484, 5000.5, 0.629251700680272 
1.3317012669350345, -230.652, -0.45764285714285713, 53411.036, 5000.5, 0.7585034013605442 
1.3277178161261123, -219.828, -0.43616666666666665, 48503.888, 5000.5, 0.629251700680272 
1.32374628081261, -238.41, -0.4730357142857143, 57068.758, 5000.5, 0.5204081632653061 
1.3197866253523078, -239.252, -0.47470634920634924, 57331.26, 5000.5, 0.9047619047619048 
1.3158388142095998, -217.364, -0.43127777777777776, 47450.676, 5000.5, 0.8945578231292517 
1.3119028119551766, -228.162, -0.45270238095238097, 52106.722, 5000.5, 0.6258503401360545 
1.3079785832657065, -208.272, -0.41323809523809524, 43539.732, 5000.5, 0.7074829931972789 
1.3040660929235184, -213.094, -0.42280555555555555, 45526.278, 5000.5, 0.5850340136054422 
1.3001653058162868, -223.558, -0.4435674603174603, 50185.31, 5000.5, 0.5374149659863945 
1.2962761869367152, -230.478, -0.45729761904761906, 53269.806, 5000.5, 0.9795918367346939 
1.2923987013822227, -225.344, -0.4471111111111111, 51034.468, 5000.5, 0.7959183673469388 
1.2885328143546315, -219.762, -0.4360357142857143, 48392.034, 5000.5, 0.6904761904761905 
1.2846784911598528, -223.35, -0.4431547619047619, 49955.202, 5000.5, 0.9693877551020408 
1.2808356972075772, -235.458, -0.46717857142857144, 55535.534, 5000.5, 0.6530612244897959 
1.2770043980109633, -244.422, -0.4849642857142857, 59837.154, 5000.5, 0.6054421768707483 
1.2731845591863287, -238.444, -0.4731031746031746, 56925.916, 5000.5, 0.6768707482993197 
1.2693761464528404, -232.618, -0.4615436507936508, 54160.714, 5000.5, 0.7551020408163265 
1.2655791256322082, -237.366, -0.4709642857142857, 56432.438, 5000.5, 0.7244897959183674 
1.2617934626483787, -232.542, -0.46139285714285716, 54215.35, 5000.5, 0.7346938775510203 
1.2580191235272276, -220.868, -0.43823015873015875, 48879.656, 5000.5, 0.8741496598639455 
1.2542560743962556, -225.932, -0.4482777777777778, 51132.42, 5000.5, 0.5714285714285714 
1.2505042814842848, -229.942, -0.456234126984127, 52945.562, 5000.5, 0.4727891156462585 
1.2467637111211551, -224.316, -0.44507142857142856, 50438.632, 5000.5, 0.7346938775510203 
1.2430343297374227, -230.82, -0.4579761904761905, 53384.492, 5000.5, 0.9013605442176871 
1.2393161038640579, -229.936, -0.45622222222222225, 52967.944, 5000.5, 0.6598639455782312 
1.2356090001321451, -230.426, -0.4571944444444444, 53293.474, 5000.5, 0.727891156462585 
1.2319129852725843, -211.77, -0.42017857142857146, 44920.178, 5000.5, 0.6428571428571428 
1.2282280261157905, -208.33, -0.4133531746031746, 43538.31, 5000.5, 0.35374149659863946 
1.2245540895913984, -212.392, -0.4214126984126984, 45291.892, 5000.5, 0.5952380952380952 
1.2208911427279636, -220.018, -0.4365436507936508, 48500.018, 5000.5, 0.8299319727891156 
1.2172391526526676, -220.102, -0.43671031746031747, 48597.706, 5000.5, 0.9081632653061225 
1.2135980865910232, -216.49, -0.4295436507936508, 46959.866, 5000.5, 0.9591836734693877 
1.2099679118665794, -216.278, -0.4291230158730159, 46894.67, 5000.5, 0.7517006802721088 
1.2063485959006286, -233.044, -0.4623888888888889, 54454.868, 5000.5, 0.891156462585034 
1.2027401062119145, -222.216, -0.4409047619047619, 49463.5, 5000.5, 0.5510204081632653 
1.1991424104163402, -220.852, -0.4381984126984127, 48838.312, 5000.5, 0.6394557823129251 
1.1955554762266778, -224.196, -0.4448333333333333, 50340.964, 5000.5, 0.7244897959183674 
1.1919792714522786, -219.788, -0.43608730158730163, 48366.736, 5000.5, 0.738095238095238 
1.188413763998784, -220.486, -0.4374722222222222, 48675.794, 5000.5, 1.0 
1.1848589218678376, -219.694, -0.43590079365079365, 48333.658, 5000.5, 0.5918367346938775 
1.1813147131567983, -225.546, -0.4475119047619047, 50971.63, 5000.5, 0.8027210884353742 
1.1777811060584535, -221.356, -0.4391984126984127, 49041.56, 5000.5, 0.6700680272108843 
1.1742580688607345, -216.188, -0.4289444444444444, 46831.208, 5000.5, 0.7653061224489796 
1.1707455699464302, -216.492, -0.429547619047619, 46932.352, 5000.5, 0.7789115646258503 
1.1672435777929056, -221.326, -0.43913888888888886, 49043.482, 5000.5, 0.7312925170068026 
1.163752060971817, -237.748, -0.4717222222222222, 56592.172, 5000.5, 0.8061224489795918 
1.1602709881488316, -249.582, -0.49520238095238095, 62307.102, 5000.5, 0.8503401360544217 
1.156800328083344, -239.546, -0.4752896825396825, 57443.782, 5000.5, 0.8639455782312925 
1.1533400496281987, -236.518, -0.46928174603174605, 55998.306, 5000.5, 0.8741496598639455 
1.1498901217294082, -234.694, -0.4656626984126984, 55096.526, 5000.5, 0.9659863945578231 
1.1464505134258756, -232.802, -0.46190873015873013, 54210.106, 5000.5, 1.0 
1.1430211938491162, -232.148, -0.4606111111111111, 53919.776, 5000.5, 0.8265306122448979 
1.1396021322229806, -236.05, -0.4683531746031746, 55732.506, 5000.5, 0.8265306122448979 
1.136193297863379, -233.076, -0.46245238095238095, 54361.948, 5000.5, 0.7244897959183674 
1.1327946601780048, -231.444, -0.4592142857142857, 53644.036, 5000.5, 0.9047619047619048 
1.129406188666061, -236.304, -0.46885714285714286, 55852.876, 5000.5, 0.9251700680272108 
1.126027852917986, -232.28, -0.4608730158730159, 53991.848, 5000.5, 0.8503401360544217 
1.1226596226151804, -251.864, -0.49973015873015875, 63481.188, 5000.5, 0.8231292517006802 
1.119301467529736, -256.544, -0.509015873015873, 65826.044, 5000.5, 1.0 
1.115953357524163, -253.8, -0.5035714285714286, 64427.772, 5000.5, 1.0 
1.1126152625511212, -252.454, -0.5009007936507937, 63759.258, 5000.5, 0.7789115646258503 
1.1092871526531491, -252.944, -0.5018730158730158, 63997.704, 5000.5, 0.9183673469387755 
1.1059689979623952, -240.602, -0.47738492063492066, 57925.506, 5000.5, 0.9149659863945578 
1.1026607687003507, -241.374, -0.47891666666666666, 58281.29, 5000.5, 0.9183673469387755 
1.0993624351775815, -252.054, -0.5001071428571429, 63555.846, 5000.5, 0.8809523809523809 
1.0960739677934614, -259.04, -0.513968253968254, 67112.556, 5000.5, 0.6938775510204082 
1.0927953370359087, -261.488, -0.5188253968253969, 68377.332, 5000.5, 1.0 
1.0895265134811178, -260.912, -0.5176825396825396, 68075.636, 5000.5, 1.0 
1.086267467793298, -261.054, -0.5179642857142857, 68150.342, 5000.5, 1.0 
1.0830181707244095, -264.508, -0.5248174603174602, 69966.516, 5000.5, 1.0 
1.0797785931139001, -264.378, -0.5245595238095238, 69898.526, 5000.5, 1.0 
1.0765487058884446, -257.43, -0.5107738095238096, 66277.154, 5000.5, 1.0 
1.073328480061683, -249.582, -0.49520238095238095, 62315.182, 5000.5, 1.0 
1.0701178867339605, -257.258, -0.5104325396825397, 66184.986, 5000.5, 0.891156462585034 
1.0669168970920693, -257.774, -0.5114563492063492, 66454.07, 5000.5, 1.0 
1.063725482408988, -257.342, -0.5105992063492063, 66235.526, 5000.5, 1.0 
1.0605436140436257, -254.49, -0.5049404761904762, 64773.614, 5000.5, 0.9489795918367346 
1.0573712634405643, -255.61, -0.5071626984126985, 65342.346, 5000.5, 0.9183673469387755 
1.0542084021298008, -256.744, -0.5094126984126984, 65922.536, 5000.5, 1.0 
1.0510550017264944, -252.174, -0.5003452380952381, 63618.022, 5000.5, 1.0 
1.0479110339307098, -249.21, -0.49446428571428575, 62124.43, 5000.5, 1.0 
1.0447764705271643, -254.958, -0.5058690476190476, 65018.97, 5000.5, 0.9183673469387755 
1.0416512833849736, -261.276, -0.5184047619047619, 68268.376, 5000.5, 1.0 
1.0385354444574004, -261.63, -0.5191071428571429, 68454.242, 5000.5, 1.0 
1.0354289257816018, -261.88, -0.5196031746031746, 68584.104, 5000.5, 1.0 
1.032331699478379, -256.588, -0.5091031746031747, 65856.388, 5000.5, 1.0 
1.0292437377519268, -255.286, -0.5065198412698413, 65191.978, 5000.5, 1.0 
1.0261650128895843, -254.222, -0.5044087301587302, 64635.574, 5000.5, 0.9081632653061225 
1.0230954972615856, -255.416, -0.5067777777777778, 65243.74, 5000.5, 1.0 
1.020035163320813, -255.32, -0.5065873015873016, 65194.992, 5000.5, 0.9183673469387755 
1.0169839836025483, -252.894, -0.5017738095238096, 63960.846, 5000.5, 1.0 
1.013941930724228, -252.114, -0.5002261904761904, 63566.15, 5000.5, 0.9183673469387755 
1.010908977385196, -250.45, -0.49692460317460313, 62747.766, 5000.5, 1.0 
1.0078850963664598, -248.856, -0.49376190476190474, 61937.788, 5000.5, 0.9081632653061225 
1.0048702605304454, -256.428, -0.5087857142857143, 65764.88, 5000.5, 0.7755102040816326 
1.0018644428207537, -255.072, -0.5060952380952382, 65076.724, 5000.5, 0.9149659863945578 
0.9988676162619191, -249.698, -0.4954325396825397, 62366.798, 5000.5, 1.0 
0.9958797539591652, -246.586, -0.48925793650793653, 60818.602, 5000.5, 0.9251700680272108 
0.9929008290981651, -252.486, -0.5009642857142856, 63751.394, 5000.5, 0.9795918367346939 
0.9899308149448005, -251.144, -0.4983015873015873, 63077.42, 5000.5, 1.0 
0.9869696848449211, -244.372, -0.4848650793650794, 59721.156, 5000.5, 1.0 
0.9840174122241059, -247.42, -0.4909126984126984, 61223.028, 5000.5, 0.9115646258503401 
0.9810739705874247, -246.922, -0.4899246031746032, 60981.542, 5000.5, 0.9047619047619048 
0.9781393335192002, -257.616, -0.5111428571428571, 66388.588, 5000.5, 1.0 
0.9752134746827711, -265.766, -0.5273134920634921, 70650.882, 5000.5, 1.0 
0.9722963678202555, -272.846, -0.5413611111111111, 74445.638, 5000.5, 1.0 
0.9693879867523153, -271.73, -0.5391468253968255, 73839.994, 5000.5, 1.0 
0.9664883053779216, -273.484, -0.5426269841269841, 74795.284, 5000.5, 1.0 
0.9635972976741201, -273.582, -0.5428214285714286, 74848.702, 5000.5, 1.0 
0.9607149376957971, -272.322, -0.5403214285714286, 74161.766, 5000.5, 0.7857142857142857 
0.9578411995754483, -275.236, -0.5461031746031746, 75758.588, 5000.5, 1.0 
0.9549760575229448, -276.0, -0.5476190476190477, 76176.0, 5000.5, 1.0 
0.9521194858253024, -275.984, -0.5475873015873015, 76167.296, 5000.5, 1.0 
0.9492714588464511, -276.0, -0.5476190476190477, 76176.0, 5000.5, 1.0 
0.9464319510270047, -276.0, -0.5476190476190477, 76176.0, 5000.5, 1.0 
0.9436009368840315, -276.0, -0.5476190476190477, 76176.0, 5000.5, 1.0 
0.9407783910108256, -276.0, -0.5476190476190477, 76176.0, 5000.5, 1.0 
0.9379642880766791, -276.0, -0.5476190476190477, 76176.0, 5000.5, 1.0 
0.935158602826654, -276.0, -0.5476190476190477, 76176.0, 5000.5, 1.0 
0.9323613100813568, -275.032, -0.5456984126984127, 75644.624, 5000.5, 1.0 
0.9295723847367116, -275.968, -0.5475555555555556, 76158.592, 5000.5, 1.0 
0.9267918017637347, -276.0, -0.5476190476190477, 76176.0, 5000.5, 1.0 
0.9240195362083109, -276.0, -0.5476190476190477, 76176.0, 5000.5, 1.0 
0.9212555631909686, -276.0, -0.5476190476190477, 76176.0, 5000.5, 1.0 
0.9184998579066571, -276.0, -0.5476190476190477, 76176.0, 5000.5, 1.0 
0.9157523956245237, -276.0, -0.5476190476190477, 76176.0, 5000.5, 1.0 
0.9130131516876918, -276.0, -0.5476190476190477, 76176.0, 5000.5, 1.0 
0.9102821015130401, -276.0, -0.5476190476190477, 76176.0, 5000.5, 1.0 
0.9075592205909808, -275.98, -0.5475793650793651, 76165.16, 5000.5, 1.0 
0.904844484485241, -276.0, -0.5476190476190477, 76176.0, 5000.5, 1.0 
0.9021378688326425, -276.0, -0.5476190476190477, 76176.0, 5000.5, 1.0 
0.8994393493428836, -275.984, -0.5475873015873015, 76167.296, 5000.5, 1.0 
0.8967489017983209, -275.966, -0.5475515873015874, 76157.522, 5000.5, 1.0 
0.8940665020537519, -276.0, -0.5476190476190477, 76176.0, 5000.5, 1.0 
0.8913921260361988, -276.0, -0.5476190476190477, 76176.0, 5000.5, 1.0 
0.8887257497446914, -275.956, -0.547531746031746, 76152.196, 5000.5, 1.0 
0.8860673492500531, -275.984, -0.5475873015873015, 76167.296, 5000.5, 1.0 
0.8834169006946851, -276.0, -0.5476190476190477, 76176.0, 5000.5, 1.0 
0.8807743802923527, -276.0, -0.5476190476190477, 76176.0, 5000.5, 1.0 
0.8781397643279716, -276.0, -0.5476190476190477, 76176.0, 5000.5, 1.0 
0.8755130291573956, -276.0, -0.5476190476190477, 76176.0, 5000.5, 1.0 
0.8728941512072036, -275.984, -0.5475873015873015, 76167.296, 5000.5, 1.0 
0.8702831069744887, -276.0, -0.5476190476190477, 76176.0, 5000.5, 1.0 
0.8676798730266472, -276.0, -0.5476190476190477, 76176.0, 5000.5, 1.0 
0.8650844260011679, -276.0, -0.5476190476190477, 76176.0, 5000.5, 1.0 
0.8624967426054229, -276.0, -0.5476190476190477, 76176.0, 5000.5, 1.0 
0.8599167996164582, -275.984, -0.5475873015873015, 76167.296, 5000.5, 1.0 
0.8573445738807857, -276.0, -0.5476190476190477, 76176.0, 5000.5, 1.0 
0.8547800423141748, -276.0, -0.5476190476190477, 76176.0, 5000.5, 1.0 
0.852223181901446, -276.0, -0.5476190476190477, 76176.0, 5000.5, 1.0 
0.8496739696962636, -276.0, -0.5476190476190477, 76176.0, 5000.5, 1.0 
0.8471323828209304, -276.0, -0.5476190476190477, 76176.0, 5000.5, 1.0 
0.8445983984661818, -276.0, -0.5476190476190477, 76176.0, 5000.5, 1.0 
0.8420719938909816, -275.76, -0.5471428571428572, 76045.44, 5000.5, 1.0 
0.8395531464223177, -275.984, -0.5475873015873015, 76167.296, 5000.5, 1.0 
0.8370418334549987, -276.0, -0.5476190476190477, 76176.0, 5000.5, 1.0 
0.8345380324514506, -276.0, -0.5476190476190477, 76176.0, 5000.5, 1.0 
0.8320417209415155, -276.0, -0.5476190476190477, 76176.0, 5000.5, 1.0 
0.8295528765222488, -276.0, -0.5476190476190477, 76176.0, 5000.5, 1.0 
0.8270714768577192, -276.0, -0.5476190476190477, 76176.0, 5000.5, 1.0 
0.8245974996788074, -276.0, -0.5476190476190477, 76176.0, 5000.5, 1.0 
0.8221309227830064, -275.968, -0.5475555555555556, 76158.592, 5000.5, 1.0 
0.8196717240342228, -276.0, -0.5476190476190477, 76176.0, 5000.5, 1.0 
0.8172198813625781, -276.0, -0.5476190476190477, 76176.0, 5000.5, 1.0 
0.8147753727642093, -275.984, -0.5475873015873015, 76167.296, 5000.5, 1.0 
0.8123381763010735, -276.0, -0.5476190476190477, 76176.0, 5000.5, 1.0 
0.8099082701007494, -276.0, -0.5476190476190477, 76176.0, 5000.5, 1.0 
0.8074856323562417, -276.0, -0.5476190476190477, 76176.0, 5000.5, 1.0 
0.805070241325785, -276.0, -0.5476190476190477, 76176.0, 5000.5, 1.0 
0.8026620753326495, -276.0, -0.5476190476190477, 76176.0, 5000.5, 1.0 
0.8002611127649455, -276.0, -0.5476190476190477, 76176.0, 5000.5, 1.0 
0.7978673320754299, -276.0, -0.5476190476190477, 76176.0, 5000.5, 1.0 
0.7954807117813129, -276.0, -0.5476190476190477, 76176.0, 5000.5, 1.0 
0.793101230464065, -276.0, -0.5476190476190477, 76176.0, 5000.5, 1.0 
0.7907288667692248, -276.0, -0.5476190476190477, 76176.0, 5000.5, 1.0 
0.7883635994062076, -276.0, -0.5476190476190477, 76176.0, 5000.5, 1.0 
0.7860054071481142, -276.0, -0.5476190476190477, 76176.0, 5000.5, 1.0 
0.7836542688315398, -276.0, -0.5476190476190477, 76176.0, 5000.5, 1.0 
0.7813101633563856, -276.0, -0.5476190476190477, 76176.0, 5000.5, 1.0 
0.7789730696856674, -276.0, -0.5476190476190477, 76176.0, 5000.5, 1.0 
0.7766429668453287, -276.0, -0.5476190476190477, 76176.0, 5000.5, 1.0 
0.7743198339240511, -275.98, -0.5475793650793651, 76165.16, 5000.5, 1.0 
0.7720036500730676, -276.0, -0.5476190476190477, 76176.0, 5000.5, 1.0 
0.7696943945059747, -276.0, -0.5476190476190477, 76176.0, 5000.5, 1.0 
0.7673920464985462, -276.0, -0.5476190476190477, 76176.0, 5000.5, 1.0 
0.7650965853885476, -276.0, -0.5476190476190477, 76176.0, 5000.5, 1.0 
0.7628079905755502, -276.0, -0.5476190476190477, 76176.0, 5000.5, 1.0 
0.760526241520746, -276.0, -0.5476190476190477, 76176.0, 5000.5, 1.0 
0.758251317746764, -276.0, -0.5476190476190477, 76176.0, 5000.5, 1.0 
0.7559831988374861, -276.0, -0.5476190476190477, 76176.0, 5000.5, 1.0 
0.7537218644378638, -276.0, -0.5476190476190477, 76176.0, 5000.5, 1.0 
0.7514672942537357, -276.0, -0.5476190476190477, 76176.0, 5000.5, 1.0 
0.7492194680516452, -276.0, -0.5476190476190477, 76176.0, 5000.5, 1.0 
0.7469783656586592, -276.0, -0.5476190476190477, 76176.0, 5000.5, 1.0 
0.7447439669621867, -276.0, -0.5476190476190477, 76176.0, 5000.5, 1.0 
0.7425162519097985, -276.0, -0.5476190476190477, 76176.0, 5000.5, 1.0 
0.7402952005090475, -276.0, -0.5476190476190477, 76176.0, 5000.5, 1.0 
0.7380807928272886, -276.0, -0.5476190476190477, 76176.0, 5000.5, 1.0 
0.7358730089915004, -276.0, -0.5476190476190477, 76176.0, 5000.5, 1.0 
0.7336718291881067, -276.0, -0.5476190476190477, 76176.0, 5000.5, 1.0 
0.7314772336627985, -276.0, -0.5476190476190477, 76176.0, 5000.5, 1.0 
0.729289202720357, -276.0, -0.5476190476190477, 76176.0, 5000.5, 1.0 
0.7271077167244768, -276.0, -0.5476190476190477, 76176.0, 5000.5, 1.0 
0.7249327560975894, -276.0, -0.5476190476190477, 76176.0, 5000.5, 1.0 
0.7227643013206879, -276.0, -0.5476190476190477, 76176.0, 5000.5, 1.0 
0.7206023329331512, -276.0, -0.5476190476190477, 76176.0, 5000.5, 1.0 
0.7184468315325704, -276.0, -0.5476190476190477, 76176.0, 5000.5, 1.0 
0.7162977777745734, -276.0, -0.5476190476190477, 76176.0, 5000.5, 1.0 
0.7141551523726525, -276.0, -0.5476190476190477, 76176.0, 5000.5, 1.0 
0.7120189360979903, -276.0, -0.5476190476190477, 76176.0, 5000.5, 1.0 
0.709889109779288, -276.0, -0.5476190476190477, 76176.0, 5000.5, 1.0 
0.7077656543025925, -276.0, -0.5476190476190477, 76176.0, 5000.5, 1.0 
0.7056485506111259, -276.0, -0.5476190476190477, 76176.0, 5000.5, 1.0 
0.7035377797051132, -276.0, -0.5476190476190477, 76176.0, 5000.5, 1.0 
0.701433322641613, -276.0, -0.5476190476190477, 76176.0, 5000.5, 1.0 
0.6993351605343465, -276.0, -0.5476190476190477, 76176.0, 5000.5, 1.0 
0.697243274553529, -276.0, -0.5476190476190477, 76176.0, 5000.5, 1.0 
0.6951576459257001, -276.0, -0.5476190476190477, 76176.0, 5000.5, 1.0 
0.6930782559335552, -276.0, -0.5476190476190477, 76176.0, 5000.5, 1.0 
0.6910050859157785, -276.0, -0.5476190476190477, 76176.0, 5000.5, 1.0 
0.6889381172668743, -276.0, -0.5476190476190477, 76176.0, 5000.5, 1.0 
0.6868773314370011, -276.0, -0.5476190476190477, 76176.0, 5000.5, 1.0 
0.6848227099318038, -276.0, -0.5476190476190477, 76176.0, 5000.5, 1.0 
0.6827742343122494, -276.0, -0.5476190476190477, 76176.0, 5000.5, 1.0 
0.6807318861944601, -276.0, -0.5476190476190477, 76176.0, 5000.5, 1.0 
0.6786956472495491, -276.0, -0.5476190476190477, 76176.0, 5000.5, 1.0 
0.6766654992034558, -276.0, -0.5476190476190477, 76176.0, 5000.5, 1.0 
0.6746414238367816, -276.0, -0.5476190476190477, 76176.0, 5000.5, 1.0 
0.6726234029846274, -276.0, -0.5476190476190477, 76176.0, 5000.5, 1.0 
0.6706114185364292, -276.0, -0.5476190476190477, 76176.0, 5000.5, 1.0 
0.6686054524357964, -276.0, -0.5476190476190477, 76176.0, 5000.5, 1.0 
0.6666054866803496, -276.0, -0.5476190476190477, 76176.0, 5000.5, 1.0 
0.6646115033215589, -276.0, -0.5476190476190477, 76176.0, 5000.5, 1.0 
0.6626234844645833, -276.0, -0.5476190476190477, 76176.0, 5000.5, 1.0 
0.6606414122681091, -276.0, -0.5476190476190477, 76176.0, 5000.5, 1.0 
0.658665268944191, -276.0, -0.5476190476190477, 76176.0, 5000.5, 1.0 
0.6566950367580916, -276.0, -0.5476190476190477, 76176.0, 5000.5, 1.0 
0.6547306980281227, -276.0, -0.5476190476190477, 76176.0, 5000.5, 1.0 
0.6527722351254861, -276.0, -0.5476190476190477, 76176.0, 5000.5, 1.0 
0.6508196304741161, -276.0, -0.5476190476190477, 76176.0, 5000.5, 1.0 
0.6488728665505215, -276.0, -0.5476190476190477, 76176.0, 5000.5, 1.0 
0.6469319258836275, -276.0, -0.5476190476190477, 76176.0, 5000.5, 1.0 
0.6449967910546204, -276.0, -0.5476190476190477, 76176.0, 5000.5, 1.0 
0.6430674446967903, -276.0, -0.5476190476190477, 76176.0, 5000.5, 1.0 
0.6411438694953754, -276.0, -0.5476190476190477, 76176.0, 5000.5, 1.0 
0.6392260481874068, -276.0, -0.5476190476190477, 76176.0, 5000.5, 1.0 
0.6373139635615531, -276.0, -0.5476190476190477, 76176.0, 5000.5, 1.0 
0.6354075984579667, -276.0, -0.5476190476190477, 76176.0, 5000.5, 1.0 
0.6335069357681293, -276.0, -0.5476190476190477, 76176.0, 5000.5, 1.0 
0.6316119584346981, -276.0, -0.5476190476190477, 76176.0, 5000.5, 1.0 
0.6297226494513536, -276.0, -0.5476190476190477, 76176.0, 5000.5, 1.0 
0.627838991862646, -276.0, -0.5476190476190477, 76176.0, 5000.5, 1.0 
0.6259609687638439, -276.0, -0.5476190476190477, 76176.0, 5000.5, 1.0 
0.6240885633007816, -276.0, -0.5476190476190477, 76176.0, 5000.5, 1.0 
0.6222217586697089, -276.0, -0.5476190476190477, 76176.0, 5000.5, 1.0 
0.6203605381171398, -276.0, -0.5476190476190477, 76176.0, 5000.5, 1.0 
0.6185048849397017, -276.0, -0.5476190476190477, 76176.0, 5000.5, 1.0 
0.6166547824839866, -276.0, -0.5476190476190477, 76176.0, 5000.5, 1.0 
0.6148102141464006, -276.0, -0.5476190476190477, 76176.0, 5000.5, 1.0 
0.6129711633730153, -276.0, -0.5476190476190477, 76176.0, 5000.5, 1.0 
0.6111376136594192, -276.0, -0.5476190476190477, 76176.0, 5000.5, 1.0 
0.6093095485505697, -276.0, -0.5476190476190477, 76176.0, 5000.5, 1.0 
0.6074869516406457, -276.0, -0.5476190476190477, 76176.0, 5000.5, 1.0 
0.6056698065728993, -276.0, -0.5476190476190477, 76176.0, 5000.5, 1.0 
0.6038580970395101, -276.0, -0.5476190476190477, 76176.0, 5000.5, 1.0 
0.6020518067814388, -276.0, -0.5476190476190477, 76176.0, 5000.5, 1.0 
0.60025091958828, -276.0, -0.5476190476190477, 76176.0, 5000.5, 1.0 
0.5984554192981185, -276.0, -0.5476190476190477, 76176.0, 5000.5, 1.0 
0.5966652897973832, -276.0, -0.5476190476190477, 76176.0, 5000.5, 1.0 
0.5948805150207026, -276.0, -0.5476190476190477, 76176.0, 5000.5, 1.0 
0.5931010789507609, -276.0, -0.5476190476190477, 76176.0, 5000.5, 1.0 
0.5913269656181539, -276.0, -0.5476190476190477, 76176.0, 5000.5, 1.0 
0.589558159101246, -276.0, -0.5476190476190477, 76176.0, 5000.5, 1.0 
0.5877946435260272, -276.0, -0.5476190476190477, 76176.0, 5000.5, 1.0 
0.5860364030659705, -276.0, -0.5476190476190477, 76176.0, 5000.5, 1.0 
0.5842834219418901, -276.0, -0.5476190476190477, 76176.0, 5000.5, 1.0 
0.5825356844217997, -276.0, -0.5476190476190477, 76176.0, 5000.5, 1.0 
0.5807931748207713, -276.0, -0.5476190476190477, 76176.0, 5000.5, 1.0 
0.5790558775007941, -276.0, -0.5476190476190477, 76176.0, 5000.5, 1.0 
0.5773237768706352, -276.0, -0.5476190476190477, 76176.0, 5000.5, 1.0 
0.5755968573856982, -276.0, -0.5476190476190477, 76176.0, 5000.5, 1.0 
0.573875103547885, -276.0, -0.5476190476190477, 76176.0, 5000.5, 1.0 
0.5721584999054558, -276.0, -0.5476190476190477, 76176.0, 5000.5, 1.0 
0.5704470310528912, -276.0, -0.5476190476190477, 76176.0, 5000.5, 1.0 
0.5687406816307532, -276.0, -0.5476190476190477, 76176.0, 5000.5, 1.0 
0.5670394363255481, -276.0, -0.5476190476190477, 76176.0, 5000.5, 1.0 
0.5653432798695881, -276.0, -0.5476190476190477, 76176.0, 5000.5, 1.0 
0.5636521970408557, -276.0, -0.5476190476190477, 76176.0, 5000.5, 1.0 
0.5619661726628652, -276.0, -0.5476190476190477, 76176.0, 5000.5, 1.0 
0.5602851916045284, -276.0, -0.5476190476190477, 76176.0, 5000.5, 1.0 
0.5586092387800178, -276.0, -0.5476190476190477, 76176.0, 5000.5, 1.0 
0.556938299148631, -276.0, -0.5476190476190477, 76176.0, 5000.5, 1.0 
0.5552723577146566, -276.0, -0.5476190476190477, 76176.0, 5000.5, 1.0 
0.5536113995272386, -276.0, -0.5476190476190477, 76176.0, 5000.5, 1.0 
0.5519554096802431, -276.0, -0.5476190476190477, 76176.0, 5000.5, 1.0 
0.5503043733121242, -276.0, -0.5476190476190477, 76176.0, 5000.5, 1.0 
0.5486582756057903, -276.0, -0.5476190476190477, 76176.0, 5000.5, 1.0 
0.5470171017884717, -276.0, -0.5476190476190477, 76176.0, 5000.5, 1.0 
0.5453808371315876, -276.0, -0.5476190476190477, 76176.0, 5000.5, 1.0 
0.5437494669506141, -276.0, -0.5476190476190477, 76176.0, 5000.5, 1.0 
0.5421229766049522, -276.0, -0.5476190476190477, 76176.0, 5000.5, 1.0 
0.540501351497797, -276.0, -0.5476190476190477, 76176.0, 5000.5, 1.0 
0.5388845770760058, -276.0, -0.5476190476190477, 76176.0, 5000.5, 1.0 
0.5372726388299683, -276.0, -0.5476190476190477, 76176.0, 5000.5, 1.0 
0.5356655222934761, -276.0, -0.5476190476190477, 76176.0, 5000.5, 1.0 
0.5340632130435925, -276.0, -0.5476190476190477, 76176.0, 5000.5, 1.0 
0.5324656967005237, -276.0, -0.5476190476190477, 76176.0, 5000.5, 1.0 
0.5308729589274894, -276.0, -0.5476190476190477, 76176.0, 5000.5, 1.0 
0.5292849854305941, -276.0, -0.5476190476190477, 76176.0, 5000.5, 1.0 
0.527701761958699, -276.0, -0.5476190476190477, 76176.0, 5000.5, 1.0 
0.5261232743032941, -276.0, -0.5476190476190477, 76176.0, 5000.5, 1.0 
0.5245495082983703, -276.0, -0.5476190476190477, 76176.0, 5000.5, 1.0 
0.5229804498202929, -276.0, -0.5476190476190477, 76176.0, 5000.5, 1.0 
0.5214160847876742, -276.0, -0.5476190476190477, 76176.0, 5000.5, 1.0 
0.5198563991612477, -276.0, -0.5476190476190477, 76176.0, 5000.5, 1.0 
0.5183013789437417, -276.0, -0.5476190476190477, 76176.0, 5000.5, 1.0 
0.516751010179754, -276.0, -0.5476190476190477, 76176.0, 5000.5, 1.0 
0.5152052789556263, -276.0, -0.5476190476190477, 76176.0, 5000.5, 1.0 
0.5136641713993196, -276.0, -0.5476190476190477, 76176.0, 5000.5, 1.0 
0.5121276736802896, -276.0, -0.5476190476190477, 76176.0, 5000.5, 1.0 
0.5105957720093627, -276.0, -0.5476190476190477, 76176.0, 5000.5, 1.0 
0.5090684526386122, -276.0, -0.5476190476190477, 76176.0, 5000.5, 1.0 
0.5075457018612345, -276.0, -0.5476190476190477, 76176.0, 5000.5, 1.0 
0.506027506011427, -276.0, -0.5476190476190477, 76176.0, 5000.5, 1.0 
0.5045138514642646, -276.0, -0.5476190476190477, 76176.0, 5000.5, 1.0 
0.5030047246355779, -276.0, -0.5476190476190477, 76176.0, 5000.5, 1.0 
0.5015001119818309, -276.0, -0.5476190476190477, 76176.0, 5000.5, 1.0 
0.5, -276.0, -0.5476190476190477, 76176.0, 5000.5, 1.0 
