Simulation:L=7&P_s=1.0&T_1=10.0&T_0=0.5&N_T=1000 
Temperature T, <E>(T), <-E/E_0>(T), <E^2>(T), Relaxation Iterations=tau(T), Final Configuration Correlation Function Value 
10.0, -86.342, -0.17131349206349206, 7523.126, 5000.5, 0.24489795918367346 
9.970087504549047, -85.762, -0.1701626984126984, 7424.766, 5000.5, 0.22108843537414966 
9.940264484836504, -87.144, -0.17290476190476192, 7664.276, 5000.5, 0.18027210884353742 
9.91053067321811, -86.636, -0.17189682539682538, 7579.116, 5000.5, 0.22448979591836735 
9.880885802850193, -86.494, -0.17161507936507936, 7547.822, 5000.5, 0.24489795918367346 
9.85132960768728, -86.778, -0.17217857142857143, 7612.194, 5000.5, 0.26870748299319724 
9.8218618224797, -86.342, -0.17131349206349206, 7524.05, 5000.5, 0.2074829931972789 
9.79248218277122, -86.548, -0.17172222222222222, 7559.32, 5000.5, 0.21428571428571427 
9.763190424896651, -86.74, -0.1721031746031746, 7592.264, 5000.5, 0.2585034013605442 
9.733986285979501, -86.238, -0.17110714285714285, 7499.702, 5000.5, 0.21088435374149658 
9.7048695039296, -86.426, -0.17148015873015873, 7540.574, 5000.5, 0.19727891156462585 
9.675839817440762, -86.926, -0.17247222222222222, 7618.242, 5000.5, 0.22448979591836735 
9.646896965988427, -86.402, -0.1714325396825397, 7537.726, 5000.5, 0.22448979591836735 
9.618040689827334, -87.09, -0.17279761904761906, 7656.534, 5000.5, 0.18367346938775508 
9.58927072998918, -86.748, -0.17211904761904762, 7597.844, 5000.5, 0.2346938775510204 
9.560586828280304, -87.134, -0.17288492063492064, 7662.422, 5000.5, 0.23809523809523808 
9.531988727279366, -86.526, -0.17167857142857143, 7560.866, 5000.5, 0.21088435374149658 
9.503476170335038, -86.866, -0.1723531746031746, 7612.674, 5000.5, 0.2312925170068027 
9.4750489015637, -86.596, -0.1718174603174603, 7570.312, 5000.5, 0.19727891156462585 
9.446706665847142, -87.196, -0.1730079365079365, 7678.308, 5000.5, 0.2585034013605442 
9.418449208830278, -86.388, -0.17140476190476192, 7534.672, 5000.5, 0.23809523809523808 
9.390276276918861, -86.62, -0.1718650793650794, 7569.416, 5000.5, 0.22789115646258504 
9.362187617277208, -86.556, -0.17173809523809525, 7564.964, 5000.5, 0.24149659863945577 
9.33418297782593, -86.514, -0.1716547619047619, 7557.462, 5000.5, 0.22448979591836735 
9.306262107239672, -86.462, -0.17155158730158732, 7553.318, 5000.5, 0.22789115646258504 
9.278424754944854, -86.584, -0.1717936507936508, 7566.028, 5000.5, 0.25170068027210885 
9.250670671117424, -86.848, -0.1723174603174603, 7613.932, 5000.5, 0.2074829931972789 
9.222999606680618, -86.394, -0.1714166666666667, 7536.51, 5000.5, 0.22448979591836735 
9.19541131330272, -86.786, -0.17219444444444446, 7605.898, 5000.5, 0.23809523809523808 
9.16790554339484, -87.112, -0.17284126984126982, 7659.596, 5000.5, 0.2619047619047619 
9.140482050108684, -86.256, -0.17114285714285715, 7517.868, 5000.5, 0.2346938775510204 
9.113140587334344, -86.914, -0.1724484126984127, 7633.786, 5000.5, 0.23809523809523808 
9.08588090969809, -86.642, -0.17190873015873015, 7577.406, 5000.5, 0.24489795918367346 
9.058702772560167, -86.438, -0.17150396825396827, 7541.51, 5000.5, 0.2346938775510204 
9.031605932012592, -87.308, -0.17323015873015873, 7696.248, 5000.5, 0.20068027210884354 
9.00459014487698, -86.448, -0.17152380952380952, 7543.496, 5000.5, 0.22108843537414966 
8.977655168702347, -86.714, -0.1720515873015873, 7592.042, 5000.5, 0.20408163265306123 
8.950800761762943, -86.758, -0.17213888888888887, 7592.486, 5000.5, 0.25170068027210885 
8.92402668305608, -85.572, -0.1697857142857143, 7398.036, 5000.5, 0.2312925170068027 
8.897332692299972, -87.114, -0.1728452380952381, 7654.046, 5000.5, 0.22448979591836735 
8.870718549931567, -85.942, -0.17051984126984127, 7460.782, 5000.5, 0.24149659863945577 
8.844184017104416, -87.248, -0.17311111111111113, 7681.324, 5000.5, 0.20408163265306123 
8.817728855686514, -86.586, -0.17179761904761903, 7571.646, 5000.5, 0.2312925170068027 
8.791352828258168, -86.918, -0.17245634920634922, 7630.122, 5000.5, 0.23809523809523808 
8.765055698109869, -86.458, -0.1715436507936508, 7546.106, 5000.5, 0.24489795918367346 
8.738837229240163, -86.636, -0.17189682539682538, 7580.236, 5000.5, 0.22789115646258504 
8.712697186353536, -87.366, -0.1733452380952381, 7704.798, 5000.5, 0.2074829931972789 
8.686635334858302, -86.94, -0.1725, 7626.764, 5000.5, 0.2619047619047619 
8.660651440864498, -86.626, -0.17187698412698413, 7570.462, 5000.5, 0.24149659863945577 
8.634745271181783, -86.718, -0.17205952380952383, 7589.778, 5000.5, 0.21768707482993196 
8.608916593317348, -87.21, -0.17303571428571426, 7680.354, 5000.5, 0.21428571428571427 
8.583165175473823, -86.956, -0.17253174603174604, 7639.172, 5000.5, 0.2925170068027211 
8.557490786547211, -87.07, -0.1727579365079365, 7646.318, 5000.5, 0.25170068027210885 
8.531893196124793, -87.282, -0.17317857142857143, 7686.77, 5000.5, 0.25170068027210885 
8.506372174483083, -87.048, -0.1727142857142857, 7654.46, 5000.5, 0.24149659863945577 
8.48092749258575, -87.554, -0.17371825396825397, 7739.558, 5000.5, 0.22448979591836735 
8.455558922081567, -86.874, -0.17236904761904762, 7623.126, 5000.5, 0.2346938775510204 
8.430266235302364, -86.932, -0.172484126984127, 7633.072, 5000.5, 0.22108843537414966 
8.405049205260983, -86.846, -0.17231349206349206, 7614.598, 5000.5, 0.23809523809523808 
8.379907605649242, -86.654, -0.1719325396825397, 7570.098, 5000.5, 0.21768707482993196 
8.354841210835904, -87.204, -0.17302380952380952, 7674.3, 5000.5, 0.22448979591836735 
8.329849795864648, -87.01, -0.1726388888888889, 7646.138, 5000.5, 0.2585034013605442 
8.304933136452055, -86.768, -0.17215873015873015, 7602.016, 5000.5, 0.18367346938775508 
8.280091008985597, -86.654, -0.1719325396825397, 7581.95, 5000.5, 0.2346938775510204 
8.25532319052162, -87.084, -0.1727857142857143, 7657.28, 5000.5, 0.22789115646258504 
8.230629458783358, -87.088, -0.17279365079365078, 7661.648, 5000.5, 0.21088435374149658 
8.206009592158924, -87.336, -0.1732857142857143, 7699.188, 5000.5, 0.22448979591836735 
8.181463369699332, -87.136, -0.17288888888888887, 7664.068, 5000.5, 0.25510204081632654 
8.156990571116506, -87.062, -0.17274206349206347, 7641.578, 5000.5, 0.18707482993197277 
8.132590976781305, -86.646, -0.17191666666666666, 7588.558, 5000.5, 0.24149659863945577 
8.108264367721562, -86.99, -0.17259920634920634, 7642.826, 5000.5, 0.21428571428571427 
8.084010525620103, -87.428, -0.17346825396825397, 7722.488, 5000.5, 0.23809523809523808 
8.059829232812795, -86.932, -0.172484126984127, 7630.112, 5000.5, 0.21088435374149658 
8.0357202722866, -86.758, -0.17213888888888887, 7594.934, 5000.5, 0.21428571428571427 
8.011683427677609, -87.092, -0.1728015873015873, 7654.76, 5000.5, 0.2312925170068027 
7.987718483269121, -86.876, -0.17237301587301587, 7612.524, 5000.5, 0.22108843537414966 
7.9638252239896925, -86.962, -0.1725436507936508, 7632.894, 5000.5, 0.22448979591836735 
7.940003435411215, -86.196, -0.17102380952380952, 7496.96, 5000.5, 0.23809523809523808 
7.916252903746987, -87.374, -0.1733611111111111, 7705.354, 5000.5, 0.27210884353741494 
7.892573415849792, -87.394, -0.17340079365079367, 7713.07, 5000.5, 0.19727891156462585 
7.868964759210001, -87.652, -0.1739126984126984, 7752.02, 5000.5, 0.2312925170068027 
7.845426721953643, -87.172, -0.17296031746031745, 7670.384, 5000.5, 0.22108843537414966 
7.821959092840522, -87.986, -0.17457539682539683, 7812.462, 5000.5, 0.20068027210884354 
7.798561661262307, -87.928, -0.17446031746031745, 7800.0, 5000.5, 0.2074829931972789 
7.775234217240659, -86.788, -0.17219841269841268, 7604.996, 5000.5, 0.2346938775510204 
7.751976551425329, -86.928, -0.17247619047619048, 7634.616, 5000.5, 0.2653061224489796 
7.728788455092289, -87.15, -0.1729166666666667, 7669.222, 5000.5, 0.21428571428571427 
7.705669720141857, -87.442, -0.17349603174603173, 7713.262, 5000.5, 0.21088435374149658 
7.682620139096827, -86.878, -0.17237698412698413, 7620.81, 5000.5, 0.25510204081632654 
7.659639505100614, -87.968, -0.17453968253968255, 7808.752, 5000.5, 0.21428571428571427 
7.636727611915388, -87.714, -0.1740357142857143, 7763.83, 5000.5, 0.2312925170068027 
7.613884253920229, -86.582, -0.17178968253968252, 7565.902, 5000.5, 0.23809523809523808 
7.591109226109282, -87.264, -0.17314285714285713, 7688.184, 5000.5, 0.21088435374149658 
7.568402324089913, -87.28, -0.17317460317460318, 7689.972, 5000.5, 0.21768707482993196 
7.545763344080881, -87.196, -0.1730079365079365, 7672.188, 5000.5, 0.2585034013605442 
7.523192082910502, -86.758, -0.17213888888888887, 7603.526, 5000.5, 0.25170068027210885 
7.500688338014832, -87.43, -0.17347222222222222, 7717.302, 5000.5, 0.21088435374149658 
7.478251907435844, -87.882, -0.17436904761904762, 7790.574, 5000.5, 0.24149659863945577 
7.455882589819618, -87.734, -0.17407539682539683, 7768.162, 5000.5, 0.2074829931972789 
7.433580184414536, -86.99, -0.17259920634920634, 7634.706, 5000.5, 0.2312925170068027 
7.411344491069477, -86.954, -0.17252777777777775, 7638.262, 5000.5, 0.23809523809523808 
7.389175310232021, -86.506, -0.1716388888888889, 7547.066, 5000.5, 0.2312925170068027 
7.367072442946661, -86.956, -0.17253174603174604, 7631.172, 5000.5, 0.24829931972789115 
7.345035690853012, -87.772, -0.17415079365079367, 7771.192, 5000.5, 0.21088435374149658 
7.32306485618404, -87.128, -0.17287301587301587, 7659.256, 5000.5, 0.24149659863945577 
7.301159741764275, -87.832, -0.17426984126984127, 7785.704, 5000.5, 0.22108843537414966 
7.279320151008055, -87.554, -0.17371825396825397, 7733.058, 5000.5, 0.21428571428571427 
7.257545887917749, -87.378, -0.17336904761904762, 7710.174, 5000.5, 0.25510204081632654 
7.235836757082007, -87.872, -0.17434920634920634, 7794.312, 5000.5, 0.24489795918367346 
7.214192563674001, -87.092, -0.1728015873015873, 7651.148, 5000.5, 0.25170068027210885 
7.192613113449681, -87.876, -0.17435714285714288, 7797.972, 5000.5, 0.23809523809523808 
7.1710982127460285, -87.44, -0.17349206349206348, 7719.804, 5000.5, 0.21768707482993196 
7.149647668479319, -87.888, -0.1743809523809524, 7799.696, 5000.5, 0.22108843537414966 
7.128261288143388, -86.936, -0.1724920634920635, 7631.216, 5000.5, 0.2074829931972789 
7.10693887980791, -88.18, -0.17496031746031748, 7844.984, 5000.5, 0.24489795918367346 
7.085680252116663, -87.716, -0.17403968253968252, 7758.644, 5000.5, 0.2653061224489796 
7.0644852142858285, -87.628, -0.17386507936507936, 7753.996, 5000.5, 0.24489795918367346 
7.043353576102263, -87.728, -0.17406349206349206, 7760.352, 5000.5, 0.23809523809523808 
7.022285147921803, -87.054, -0.17272619047619048, 7645.39, 5000.5, 0.25510204081632654 
7.001279740667552, -87.14, -0.1728968253968254, 7671.604, 5000.5, 0.2653061224489796 
6.980337165828195, -87.02, -0.17265873015873015, 7644.352, 5000.5, 0.27210884353741494 
6.9594572354563, -87.514, -0.17363888888888887, 7725.23, 5000.5, 0.24149659863945577 
6.9386397621666305, -87.484, -0.17357936507936506, 7725.272, 5000.5, 0.23809523809523808 
6.917884559134469, -87.928, -0.17446031746031745, 7800.596, 5000.5, 0.20408163265306123 
6.897191440093938, -87.216, -0.17304761904761903, 7671.788, 5000.5, 0.2312925170068027 
6.876560219336321, -86.726, -0.17207539682539683, 7582.882, 5000.5, 0.20068027210884354 
6.855990711708411, -87.624, -0.17385714285714285, 7752.664, 5000.5, 0.2346938775510204 
6.835482732610836, -88.148, -0.17489682539682538, 7837.308, 5000.5, 0.22108843537414966 
6.815036097996407, -87.066, -0.17275000000000001, 7650.486, 5000.5, 0.24489795918367346 
6.794650624368467, -87.45, -0.17351190476190476, 7714.194, 5000.5, 0.21088435374149658 
6.774326128779244, -87.756, -0.17411904761904762, 7770.232, 5000.5, 0.23809523809523808 
6.754062428828204, -87.288, -0.17319047619047617, 7687.568, 5000.5, 0.2312925170068027 
6.733859342660428, -87.388, -0.1733888888888889, 7708.024, 5000.5, 0.2312925170068027 
6.7137166889649595, -87.86, -0.17432539682539683, 7789.256, 5000.5, 0.20068027210884354 
6.693634286973193, -87.35, -0.17331349206349206, 7706.622, 5000.5, 0.2346938775510204 
6.6736119564572505, -88.304, -0.1752063492063492, 7868.644, 5000.5, 0.21428571428571427 
6.653649517728355, -87.858, -0.17432142857142857, 7794.246, 5000.5, 0.25170068027210885 
6.633746791635227, -87.468, -0.17354761904761906, 7716.96, 5000.5, 0.15986394557823128 
6.61390359956247, -88.564, -0.1757222222222222, 7916.66, 5000.5, 0.24149659863945577 
6.594119763428975, -87.658, -0.17392460317460318, 7765.75, 5000.5, 0.23809523809523808 
6.574395105686315, -88.016, -0.17463492063492064, 7815.16, 5000.5, 0.20068027210884354 
6.554729449317154, -88.056, -0.1747142857142857, 7826.864, 5000.5, 0.21768707482993196 
6.535122617833661, -87.964, -0.17453174603174604, 7817.052, 5000.5, 0.2312925170068027 
6.515574435275924, -88.004, -0.17461111111111113, 7808.912, 5000.5, 0.21428571428571427 
6.496084726210371, -87.98, -0.17456349206349206, 7814.436, 5000.5, 0.24149659863945577 
6.476653315728194, -88.432, -0.17546031746031746, 7891.012, 5000.5, 0.21768707482993196 
6.4572800294437815, -87.404, -0.17342063492063492, 7710.96, 5000.5, 0.2312925170068027 
6.4379646934931545, -87.612, -0.1738333333333333, 7744.684, 5000.5, 0.2074829931972789 
6.418707134532403, -87.814, -0.17423412698412696, 7785.286, 5000.5, 0.21428571428571427 
6.399507179736133, -87.764, -0.17413492063492061, 7771.928, 5000.5, 0.24489795918367346 
6.380364656795914, -88.246, -0.17509126984126983, 7862.406, 5000.5, 0.21088435374149658 
6.36127939391873, -89.128, -0.17684126984126985, 8013.384, 5000.5, 0.20068027210884354 
6.342251219825448, -88.166, -0.1749325396825397, 7839.466, 5000.5, 0.19727891156462585 
6.323279963749265, -88.16, -0.17492063492063492, 7848.0, 5000.5, 0.2346938775510204 
6.304365455434189, -88.036, -0.17467460317460318, 7822.692, 5000.5, 0.24829931972789115 
6.285507525133507, -88.154, -0.17490873015873015, 7841.262, 5000.5, 0.22448979591836735 
6.266706003608259, -89.088, -0.17676190476190476, 8011.276, 5000.5, 0.22789115646258504 
6.247960722125719, -88.566, -0.17572619047619048, 7925.062, 5000.5, 0.20068027210884354 
6.229271512457888, -87.56, -0.17373015873015873, 7746.484, 5000.5, 0.23809523809523808 
6.210638206879972, -87.98, -0.17456349206349206, 7805.108, 5000.5, 0.24829931972789115 
6.192060638168892, -88.756, -0.1761031746031746, 7955.744, 5000.5, 0.2346938775510204 
6.173538639601767, -88.164, -0.17492857142857143, 7841.68, 5000.5, 0.2346938775510204 
6.155072044954429, -88.698, -0.17598809523809522, 7936.266, 5000.5, 0.2074829931972789 
6.136660688499931, -87.668, -0.17394444444444446, 7754.108, 5000.5, 0.24489795918367346 
6.118304405007051, -88.72, -0.17603174603174604, 7946.62, 5000.5, 0.2346938775510204 
6.100003029738819, -88.614, -0.17582142857142857, 7926.834, 5000.5, 0.2074829931972789 
6.0817563984510326, -88.526, -0.17564682539682538, 7905.274, 5000.5, 0.22108843537414966 
6.063564347390786, -88.354, -0.17530555555555555, 7876.402, 5000.5, 0.23809523809523808 
6.045426713294997, -87.704, -0.174015873015873, 7762.072, 5000.5, 0.23809523809523808 
6.027343333388946, -88.466, -0.17552777777777775, 7893.902, 5000.5, 0.22448979591836735 
6.009314045384814, -88.434, -0.1754642857142857, 7884.258, 5000.5, 0.21428571428571427 
5.991338687480221, -88.734, -0.1760595238095238, 7947.874, 5000.5, 0.21428571428571427 
5.9734170983567845, -88.216, -0.175031746031746, 7853.296, 5000.5, 0.24829931972789115 
5.955549117178661, -88.706, -0.17600396825396827, 7943.066, 5000.5, 0.20408163265306123 
5.937734583591108, -88.728, -0.17604761904761904, 7948.664, 5000.5, 0.21088435374149658 
5.9199733377190435, -87.896, -0.1743968253968254, 7796.176, 5000.5, 0.22789115646258504 
5.902265220165615, -88.086, -0.17477380952380953, 7824.018, 5000.5, 0.2925170068027211 
5.884610072010763, -88.26, -0.17511904761904762, 7864.748, 5000.5, 0.24489795918367346 
5.867007734809798, -89.096, -0.17677777777777778, 8014.716, 5000.5, 0.24829931972789115 
5.849458050591977, -88.524, -0.17564285714285716, 7914.076, 5000.5, 0.22448979591836735 
5.83196086185909, -88.098, -0.17479761904761904, 7834.95, 5000.5, 0.24489795918367346 
5.81451601158404, -87.486, -0.17358333333333334, 7729.274, 5000.5, 0.2619047619047619 
5.7971233432094404, -89.376, -0.17733333333333334, 8066.696, 5000.5, 0.21088435374149658 
5.779782700646204, -88.506, -0.17560714285714285, 7905.342, 5000.5, 0.21428571428571427 
5.762493928272146, -89.24, -0.17706349206349206, 8038.58, 5000.5, 0.2312925170068027 
5.745256870930588, -87.912, -0.17442857142857143, 7807.832, 5000.5, 0.20068027210884354 
5.7280713739289615, -87.732, -0.17407142857142857, 7768.552, 5000.5, 0.2585034013605442 
5.710937283037422, -88.248, -0.1750952380952381, 7863.08, 5000.5, 0.21088435374149658 
5.693854444487469, -88.14, -0.1748809523809524, 7839.2, 5000.5, 0.2585034013605442 
5.676822704970556, -88.302, -0.17520238095238097, 7863.178, 5000.5, 0.2619047619047619 
5.659841911636727, -88.908, -0.1764047619047619, 7982.508, 5000.5, 0.23809523809523808 
5.642911912093233, -88.758, -0.17610714285714285, 7946.738, 5000.5, 0.2074829931972789 
5.626032554403171, -88.776, -0.17614285714285713, 7949.228, 5000.5, 0.2653061224489796 
5.609203687084121, -88.594, -0.175781746031746, 7917.986, 5000.5, 0.24149659863945577 
5.592425159106784, -89.112, -0.1768095238095238, 8024.028, 5000.5, 0.25170068027210885 
5.5756968198936265, -88.444, -0.175484126984127, 7895.012, 5000.5, 0.2619047619047619 
5.55901851931753, -88.696, -0.175984126984127, 7939.188, 5000.5, 0.22789115646258504 
5.542390107700445, -89.158, -0.17690079365079364, 8014.562, 5000.5, 0.2619047619047619 
5.525811435812046, -88.884, -0.17635714285714285, 7976.956, 5000.5, 0.2653061224489796 
5.50928235486839, -88.108, -0.17481746031746032, 7832.444, 5000.5, 0.21088435374149658 
5.492802716530588, -89.068, -0.17672222222222222, 8001.648, 5000.5, 0.22789115646258504 
5.476372372903469, -89.578, -0.177734126984127, 8097.43, 5000.5, 0.22789115646258504 
5.459991176534248, -88.638, -0.17586904761904762, 7922.386, 5000.5, 0.19727891156462585 
5.443658980411215, -88.722, -0.17603571428571427, 7946.082, 5000.5, 0.22108843537414966 
5.427375637962407, -89.384, -0.17734920634920634, 8067.52, 5000.5, 0.2755102040816326 
5.411141003054291, -89.29, -0.17716269841269844, 8040.422, 5000.5, 0.2346938775510204 
5.394954929990458, -88.97, -0.17652777777777778, 7988.038, 5000.5, 0.21088435374149658 
5.378817273510315, -88.6, -0.17579365079365078, 7920.664, 5000.5, 0.19387755102040816 
5.362727888787776, -88.912, -0.17641269841269844, 7978.468, 5000.5, 0.25510204081632654 
5.34668663142997, -89.402, -0.17738492063492065, 8071.466, 5000.5, 0.25170068027210885 
5.330693357475937, -88.718, -0.17602777777777778, 7952.09, 5000.5, 0.24149659863945577 
5.314747923395346, -88.758, -0.17610714285714285, 7951.45, 5000.5, 0.2312925170068027 
5.298850186087193, -89.096, -0.17677777777777778, 8001.076, 5000.5, 0.2619047619047619 
5.2830000028785316, -89.108, -0.17680158730158732, 8014.624, 5000.5, 0.20408163265306123 
5.267197231523183, -89.472, -0.1775238095238095, 8078.468, 5000.5, 0.24149659863945577 
5.251441730200462, -89.37, -0.17732142857142857, 8062.17, 5000.5, 0.22448979591836735 
5.235733357513905, -88.644, -0.1758809523809524, 7934.536, 5000.5, 0.24829931972789115 
5.220071972490001, -88.724, -0.17603968253968255, 7942.18, 5000.5, 0.21088435374149658 
5.204457434576925, -89.206, -0.17699603174603176, 8032.326, 5000.5, 0.23809523809523808 
5.18888960364328, -88.83, -0.17625, 7961.594, 5000.5, 0.23809523809523808 
5.173368339976832, -88.838, -0.17626587301587301, 7964.726, 5000.5, 0.2619047619047619 
5.157893504283266, -88.938, -0.1764642857142857, 7979.738, 5000.5, 0.2346938775510204 
5.142464957684929, -88.78, -0.17615079365079364, 7954.272, 5000.5, 0.23809523809523808 
5.127082561719584, -89.242, -0.17706746031746032, 8036.47, 5000.5, 0.24489795918367346 
5.111746178339176, -89.012, -0.1766111111111111, 7990.444, 5000.5, 0.22789115646258504 
5.096455669908576, -89.036, -0.17665873015873015, 8007.868, 5000.5, 0.25510204081632654 
5.081210899204364, -88.904, -0.17639682539682539, 7979.676, 5000.5, 0.21088435374149658 
5.066011729413585, -89.422, -0.17742460317460318, 8068.01, 5000.5, 0.23809523809523808 
5.05085802413253, -88.076, -0.17475396825396824, 7829.78, 5000.5, 0.2653061224489796 
5.035749647365502, -88.514, -0.17562301587301588, 7907.426, 5000.5, 0.2074829931972789 
5.020686463523606, -88.798, -0.17618650793650795, 7966.398, 5000.5, 0.2619047619047619 
5.005668337423525, -89.352, -0.1772857142857143, 8049.844, 5000.5, 0.22789115646258504 
4.990695134286309, -89.152, -0.1768888888888889, 8021.704, 5000.5, 0.2346938775510204 
4.975766719736166, -88.46, -0.17551587301587301, 7888.432, 5000.5, 0.2074829931972789 
4.960882959799254, -89.122, -0.1768293650793651, 8011.37, 5000.5, 0.22789115646258504 
4.946043720902484, -89.61, -0.17779761904761904, 8098.566, 5000.5, 0.22108843537414966 
4.931248869872313, -89.198, -0.1769801587301587, 8032.754, 5000.5, 0.24829931972789115 
4.916498273933556, -89.884, -0.17834126984126983, 8146.528, 5000.5, 0.2312925170068027 
4.901791800708191, -89.57, -0.17771825396825394, 8095.706, 5000.5, 0.22789115646258504 
4.88712931821417, -88.936, -0.17646031746031748, 7989.236, 5000.5, 0.22448979591836735 
4.87251069486424, -89.838, -0.17825, 8140.27, 5000.5, 0.21768707482993196 
4.857935799464755, -89.566, -0.17771031746031746, 8094.014, 5000.5, 0.2346938775510204 
4.843404501214504, -89.78, -0.17813492063492065, 8141.572, 5000.5, 0.22108843537414966 
4.828916669703534, -89.162, -0.17690873015873018, 8017.126, 5000.5, 0.2312925170068027 
4.81447217491198, -89.184, -0.17695238095238094, 8021.748, 5000.5, 0.22448979591836735 
4.800070887208901, -88.952, -0.17649206349206348, 7987.572, 5000.5, 0.22789115646258504 
4.785712677351112, -90.092, -0.17875396825396825, 8183.572, 5000.5, 0.20408163265306123 
4.771397416482029, -89.454, -0.17748809523809522, 8086.862, 5000.5, 0.2074829931972789 
4.757124976130508, -88.838, -0.17626587301587301, 7964.142, 5000.5, 0.22448979591836735 
4.7428952282096954, -89.336, -0.17725396825396825, 8055.672, 5000.5, 0.24489795918367346 
4.728708045015879, -89.196, -0.17697619047619048, 8031.14, 5000.5, 0.23809523809523808 
4.714563299227336, -89.704, -0.17798412698412697, 8116.476, 5000.5, 0.21768707482993196 
4.7004608639032, -90.174, -0.17891666666666667, 8201.97, 5000.5, 0.20408163265306123 
4.686400612482312, -90.092, -0.17875396825396825, 8185.936, 5000.5, 0.25170068027210885 
4.67238241878209, -89.662, -0.17790079365079367, 8115.134, 5000.5, 0.2074829931972789 
4.658406156997396, -89.77, -0.17811507936507937, 8125.834, 5000.5, 0.27210884353741494 
4.644471701699409, -89.616, -0.1778095238095238, 8097.2, 5000.5, 0.26870748299319724 
4.630578927834492, -90.042, -0.1786547619047619, 8181.386, 5000.5, 0.2074829931972789 
4.6167277107230795, -89.138, -0.1768611111111111, 8022.002, 5000.5, 0.2074829931972789 
4.60291792605855, -88.888, -0.17636507936507936, 7966.452, 5000.5, 0.2346938775510204 
4.589149449906117, -89.804, -0.1781825396825397, 8130.08, 5000.5, 0.19387755102040816 
4.575422158701711, -89.36, -0.1773015873015873, 8062.864, 5000.5, 0.23809523809523808 
4.561735929250875, -89.718, -0.17801190476190476, 8122.262, 5000.5, 0.22789115646258504 
4.5480906387276585, -89.422, -0.17742460317460318, 8071.882, 5000.5, 0.27210884353741494 
4.534486164673512, -89.688, -0.17795238095238095, 8112.668, 5000.5, 0.24149659863945577 
4.520922384996192, -89.612, -0.1778015873015873, 8106.112, 5000.5, 0.24829931972789115 
4.507399177968661, -89.8, -0.17817460317460318, 8139.648, 5000.5, 0.21428571428571427 
4.493916422227999, -89.874, -0.17832142857142858, 8142.454, 5000.5, 0.2653061224489796 
4.480473996774313, -89.894, -0.1783611111111111, 8159.634, 5000.5, 0.2653061224489796 
4.4670717809696505, -90.498, -0.1795595238095238, 8252.346, 5000.5, 0.23809523809523808 
4.453709654536917, -89.576, -0.1777301587301587, 8095.596, 5000.5, 0.24489795918367346 
4.440387497558797, -90.366, -0.17929761904761904, 8221.882, 5000.5, 0.2891156462585034 
4.427105190476677, -90.172, -0.1789126984126984, 8200.856, 5000.5, 0.25170068027210885 
4.413862614089576, -90.024, -0.17861904761904762, 8175.164, 5000.5, 0.2346938775510204 
4.4006596495530665, -89.774, -0.17812301587301588, 8120.298, 5000.5, 0.2346938775510204 
4.387496178378222, -90.008, -0.17858730158730157, 8167.788, 5000.5, 0.2312925170068027 
4.374372082430541, -89.698, -0.1779722222222222, 8115.666, 5000.5, 0.21428571428571427 
4.361287243928892, -90.468, -0.17950000000000002, 8252.8, 5000.5, 0.19047619047619047 
4.34824154544446, -90.416, -0.1793968253968254, 8253.66, 5000.5, 0.2074829931972789 
4.335234869899685, -89.42, -0.17742063492063492, 8079.908, 5000.5, 0.27210884353741494 
4.322267100567217, -90.098, -0.17876587301587302, 8180.014, 5000.5, 0.22108843537414966 
4.309338121068864, -90.154, -0.1788769841269841, 8201.042, 5000.5, 0.24829931972789115 
4.296447815374556, -89.486, -0.17755158730158732, 8077.066, 5000.5, 0.22108843537414966 
4.283596067801291, -90.178, -0.17892460317460318, 8203.742, 5000.5, 0.19727891156462585 
4.270782763012109, -90.45, -0.17946428571428572, 8249.898, 5000.5, 0.25170068027210885 
4.258007786015048, -90.526, -0.17961507936507937, 8264.846, 5000.5, 0.2312925170068027 
4.245271022162118, -90.534, -0.1796309523809524, 8264.91, 5000.5, 0.2619047619047619 
4.232572357148269, -90.784, -0.18012698412698414, 8316.492, 5000.5, 0.22789115646258504 
4.219911677010367, -90.144, -0.17885714285714288, 8209.96, 5000.5, 0.2312925170068027 
4.207288868126167, -90.926, -0.18040873015873016, 8347.838, 5000.5, 0.2312925170068027 
4.1947038172133, -90.672, -0.1799047619047619, 8295.824, 5000.5, 0.19727891156462585 
4.1821564113282514, -90.222, -0.17901190476190476, 8207.086, 5000.5, 0.19047619047619047 
4.169646537865348, -89.76, -0.1780952380952381, 8124.36, 5000.5, 0.22448979591836735 
4.15717408455575, -89.966, -0.17850396825396825, 8168.038, 5000.5, 0.2074829931972789 
4.144738939466441, -90.062, -0.17869444444444443, 8179.962, 5000.5, 0.23809523809523808 
4.132340990999223, -90.362, -0.17928968253968253, 8233.654, 5000.5, 0.21768707482993196 
4.119980127889718, -90.704, -0.17996825396825394, 8304.636, 5000.5, 0.2755102040816326 
4.107656239206366, -90.388, -0.17934126984126986, 8238.244, 5000.5, 0.24149659863945577 
4.095369214349432, -90.758, -0.1800753968253968, 8309.366, 5000.5, 0.26870748299319724 
4.083118943050012, -90.698, -0.1799563492063492, 8299.89, 5000.5, 0.21088435374149658 
4.0709053153690435, -90.652, -0.17986507936507937, 8288.892, 5000.5, 0.22448979591836735 
4.05872822169632, -90.044, -0.17865873015873016, 8178.784, 5000.5, 0.21428571428571427 
4.046587552749506, -90.548, -0.17965873015873016, 8263.708, 5000.5, 0.23809523809523808 
4.034483199573156, -90.27, -0.17910714285714285, 8226.486, 5000.5, 0.2346938775510204 
4.022415053537738, -90.012, -0.17859523809523808, 8179.668, 5000.5, 0.24149659863945577 
4.0103830063386585, -90.196, -0.17896031746031746, 8212.404, 5000.5, 0.24489795918367346 
3.99838694999529, -90.636, -0.17983333333333332, 8289.908, 5000.5, 0.22108843537414966 
3.986426776850002, -90.396, -0.17935714285714285, 8254.736, 5000.5, 0.24489795918367346 
3.9745023795671934, -90.026, -0.17862301587301588, 8173.01, 5000.5, 0.2619047619047619 
3.962613651132333, -89.956, -0.178484126984127, 8162.728, 5000.5, 0.22108843537414966 
3.9507604848509947, -91.464, -0.18147619047619049, 8441.6, 5000.5, 0.19387755102040816 
3.938942774347904, -90.91, -0.1803769841269841, 8329.898, 5000.5, 0.21768707482993196 
3.9271604135659794, -90.606, -0.1797738095238095, 8281.49, 5000.5, 0.25170068027210885 
3.915413296765384, -90.298, -0.1791626984126984, 8223.322, 5000.5, 0.2585034013605442 
3.903701318522574, -90.742, -0.1800436507936508, 8308.786, 5000.5, 0.2312925170068027 
3.892024373729355, -90.074, -0.17871825396825397, 8180.454, 5000.5, 0.22789115646258504 
3.880382357591938, -90.706, -0.17997222222222223, 8300.202, 5000.5, 0.21428571428571427 
3.8687751656299953, -91.72, -0.18198412698412697, 8488.412, 5000.5, 0.2653061224489796 
3.857202693675728, -90.538, -0.17963888888888888, 8271.522, 5000.5, 0.24829931972789115 
3.8456648378729303, -91.152, -0.18085714285714286, 8373.78, 5000.5, 0.24149659863945577 
3.8341614946760543, -90.696, -0.17995238095238095, 8298.572, 5000.5, 0.25510204081632654 
3.8226925608492826, -90.536, -0.17963492063492065, 8262.676, 5000.5, 0.21428571428571427 
3.811257933465603, -90.73, -0.18001984126984127, 8305.786, 5000.5, 0.24829931972789115 
3.799857509905883, -91.284, -0.18111904761904762, 8411.896, 5000.5, 0.2312925170068027 
3.78849118785795, -91.32, -0.18119047619047618, 8410.0, 5000.5, 0.25170068027210885 
3.7771588653156725, -90.5, -0.17956349206349206, 8257.164, 5000.5, 0.2346938775510204 
3.7658604405780443, -90.68, -0.17992063492063493, 8298.124, 5000.5, 0.2074829931972789 
3.7545958122482723, -91.508, -0.18156349206349207, 8443.496, 5000.5, 0.22448979591836735 
3.7433648792328684, -91.05, -0.1806547619047619, 8360.558, 5000.5, 0.20408163265306123 
3.732167540740737, -91.274, -0.18109920634920634, 8410.31, 5000.5, 0.22448979591836735 
3.7210036962822772, -91.178, -0.18090873015873016, 8387.71, 5000.5, 0.25510204081632654 
3.7098732456684753, -91.2, -0.18095238095238095, 8390.664, 5000.5, 0.25170068027210885 
3.698776089010008, -90.05, -0.17867063492063492, 8178.854, 5000.5, 0.21428571428571427 
3.6877121267163475, -90.866, -0.18028968253968253, 8329.518, 5000.5, 0.22108843537414966 
3.6766812594948646, -91.17, -0.18089285714285713, 8379.714, 5000.5, 0.2619047619047619 
3.6656833883499402, -91.124, -0.1808015873015873, 8376.816, 5000.5, 0.22789115646258504 
3.654718414582075, -91.236, -0.18102380952380953, 8403.06, 5000.5, 0.19047619047619047 
3.6437862397870053, -90.658, -0.17987698412698414, 8287.874, 5000.5, 0.25170068027210885 
3.6328867658548174, -91.58, -0.1817063492063492, 8456.908, 5000.5, 0.22448979591836735 
3.622019894969072, -91.576, -0.1816984126984127, 8464.032, 5000.5, 0.19727891156462585 
3.611185529605919, -91.43, -0.18140873015873019, 8432.706, 5000.5, 0.22108843537414966 
3.6003835725332314, -90.742, -0.1800436507936508, 8307.574, 5000.5, 0.21768707482993196 
3.5896139268097222, -91.39, -0.1813293650793651, 8417.726, 5000.5, 0.25170068027210885 
3.578876495784085, -91.17, -0.18089285714285713, 8395.062, 5000.5, 0.24149659863945577 
3.5681711830941194, -91.534, -0.18161507936507937, 8453.002, 5000.5, 0.24829931972789115 
3.5574978926658667, -90.824, -0.1802063492063492, 8318.772, 5000.5, 0.2585034013605442 
3.5468565287127523, -91.688, -0.18192063492063493, 8478.1, 5000.5, 0.18367346938775508 
3.536246995734722, -91.4, -0.18134920634920637, 8423.812, 5000.5, 0.2585034013605442 
3.5256691985173862, -91.402, -0.1813531746031746, 8427.71, 5000.5, 0.22789115646258504 
3.5151230421311648, -91.088, -0.1807301587301587, 8368.836, 5000.5, 0.26870748299319724 
3.5046084319304356, -91.052, -0.18065873015873019, 8367.028, 5000.5, 0.22448979591836735 
3.4941252735526867, -91.932, -0.1824047619047619, 8522.868, 5000.5, 0.25510204081632654 
3.483673472917666, -91.634, -0.18181349206349207, 8471.85, 5000.5, 0.21088435374149658 
3.4732529362265407, -91.004, -0.18056349206349206, 8355.212, 5000.5, 0.24149659863945577 
3.462863569961052, -92.05, -0.18263888888888888, 8535.73, 5000.5, 0.19727891156462585 
3.452505280882679, -91.51, -0.18156746031746032, 8441.106, 5000.5, 0.21428571428571427 
3.4421779760317994, -92.212, -0.18296031746031746, 8569.056, 5000.5, 0.19047619047619047 
3.4318815627268573, -91.62, -0.1817857142857143, 8468.004, 5000.5, 0.2585034013605442 
3.4216159485635296, -92.14, -0.18281746031746032, 8566.748, 5000.5, 0.21768707482993196 
3.4113810414138985, -90.842, -0.18024206349206348, 8324.294, 5000.5, 0.2346938775510204 
3.4011767494256224, -91.634, -0.18181349206349207, 8474.122, 5000.5, 0.19727891156462585 
3.391002981021114, -91.456, -0.18146031746031746, 8436.452, 5000.5, 0.23809523809523808 
3.3808596448967174, -91.34, -0.18123015873015874, 8410.052, 5000.5, 0.20068027210884354 
3.3707466500218897, -92.006, -0.1825515873015873, 8535.182, 5000.5, 0.22448979591836735 
3.3606639056383796, -92.286, -0.18310714285714286, 8601.022, 5000.5, 0.24489795918367346 
3.3506113212594206, -91.246, -0.18104365079365078, 8401.398, 5000.5, 0.22108843537414966 
3.3405888066689124, -92.068, -0.18267460317460318, 8547.648, 5000.5, 0.2619047619047619 
3.330596271920614, -92.208, -0.18295238095238095, 8576.748, 5000.5, 0.21768707482993196 
3.320633627337335, -91.682, -0.18190873015873016, 8480.474, 5000.5, 0.19387755102040816 
3.3107007835101343, -91.21, -0.1809722222222222, 8397.846, 5000.5, 0.23809523809523808 
3.300797651297513, -91.642, -0.18182936507936506, 8475.05, 5000.5, 0.20068027210884354 
3.290924141824618, -91.536, -0.18161904761904762, 8448.916, 5000.5, 0.22448979591836735 
3.2810801664824414, -92.678, -0.18388492063492062, 8658.834, 5000.5, 0.22448979591836735 
3.27126563692703, -91.21, -0.1809722222222222, 8386.378, 5000.5, 0.24149659863945577 
3.2614804650786855, -91.408, -0.18136507936507937, 8429.916, 5000.5, 0.2857142857142857 
3.251724563121182, -91.426, -0.18140079365079365, 8440.206, 5000.5, 0.25170068027210885 
3.2419978435009704, -92.44, -0.18341269841269842, 8617.916, 5000.5, 0.2346938775510204 
3.2323002189263983, -91.246, -0.18104365079365078, 8394.202, 5000.5, 0.20408163265306123 
3.2226316023669233, -91.96, -0.18246031746031746, 8525.432, 5000.5, 0.22789115646258504 
3.2129919070523334, -90.882, -0.18032142857142858, 8332.066, 5000.5, 0.24489795918367346 
3.203381046471968, -91.614, -0.18177380952380953, 8466.262, 5000.5, 0.2346938775510204 
3.193798934373942, -92.202, -0.18294047619047618, 8576.306, 5000.5, 0.24829931972789115 
3.18424548476437, -91.5, -0.18154761904761904, 8447.072, 5000.5, 0.2074829931972789 
3.1747206119065967, -92.368, -0.18326984126984125, 8606.952, 5000.5, 0.20408163265306123 
3.165224230320427, -92.266, -0.18306746031746032, 8589.246, 5000.5, 0.21768707482993196 
3.1557562547813562, -92.52, -0.18357142857142855, 8638.708, 5000.5, 0.2925170068027211 
3.1463166003198095, -91.974, -0.18248809523809525, 8532.49, 5000.5, 0.21768707482993196 
3.1369051822203775, -92.028, -0.18259523809523812, 8546.108, 5000.5, 0.24489795918367346 
3.127521916021054, -91.794, -0.18213095238095237, 8492.222, 5000.5, 0.24489795918367346 
3.11816671751248, -92.776, -0.18407936507936506, 8686.808, 5000.5, 0.19047619047619047 
3.1088395027371893, -92.894, -0.18431349206349207, 8700.63, 5000.5, 0.24829931972789115 
3.099540187988853, -91.712, -0.18196825396825397, 8485.44, 5000.5, 0.19387755102040816 
3.090268689811526, -91.926, -0.18239285714285713, 8522.302, 5000.5, 0.2312925170068027 
3.0810249249989052, -91.796, -0.18213492063492065, 8497.512, 5000.5, 0.24489795918367346 
3.0718088105935752, -92.806, -0.18413888888888888, 8680.814, 5000.5, 0.27210884353741494 
3.0626202638862674, -92.818, -0.18416269841269842, 8686.43, 5000.5, 0.2312925170068027 
3.053459202415118, -92.418, -0.18336904761904763, 8609.362, 5000.5, 0.22448979591836735 
3.044325543964926, -92.54, -0.1836111111111111, 8634.448, 5000.5, 0.19047619047619047 
3.0352192065664196, -92.346, -0.1832261904761905, 8599.098, 5000.5, 0.22448979591836735 
3.026140108495513, -91.802, -0.18214682539682542, 8501.998, 5000.5, 0.22789115646258504 
3.0170881682725814, -92.784, -0.18409523809523812, 8675.608, 5000.5, 0.23809523809523808 
3.008063304661724, -91.58, -0.1817063492063492, 8457.984, 5000.5, 0.24489795918367346 
2.9990654366700364, -92.828, -0.1841825396825397, 8681.344, 5000.5, 0.22108843537414966 
2.990094483546886, -92.898, -0.18432142857142855, 8697.35, 5000.5, 0.18707482993197277 
2.9811503647831845, -92.598, -0.1837261904761905, 8646.646, 5000.5, 0.24489795918367346 
2.9722330001106663, -92.442, -0.18341666666666664, 8613.966, 5000.5, 0.2653061224489796 
2.9633423095011677, -92.352, -0.18323809523809526, 8596.512, 5000.5, 0.23809523809523808 
2.9544782131659115, -92.096, -0.18273015873015874, 8552.272, 5000.5, 0.2619047619047619 
2.945640631554785, -92.46, -0.18345238095238095, 8628.192, 5000.5, 0.20408163265306123 
2.9368294853556325, -91.998, -0.1825357142857143, 8534.81, 5000.5, 0.25510204081632654 
2.9280446954935395, -92.7, -0.18392857142857144, 8663.42, 5000.5, 0.24829931972789115 
2.919286183130126, -92.522, -0.18357539682539684, 8633.582, 5000.5, 0.2312925170068027 
2.9105538696628352, -92.034, -0.18260714285714286, 8544.898, 5000.5, 0.22448979591836735 
2.9018476767242305, -92.344, -0.1832222222222222, 8599.908, 5000.5, 0.2074829931972789 
2.8931675261812932, -92.042, -0.18262301587301588, 8542.526, 5000.5, 0.24149659863945577 
2.8845133401347196, -92.784, -0.18409523809523812, 8679.752, 5000.5, 0.2074829931972789 
2.87588504091822, -92.766, -0.1840595238095238, 8678.47, 5000.5, 0.22789115646258504 
2.8672825510978273, -93.044, -0.18461111111111111, 8729.284, 5000.5, 0.21768707482993196 
2.8587057934711964, -92.514, -0.1835595238095238, 8637.586, 5000.5, 0.20408163265306123 
2.8501546910669138, -92.268, -0.18307142857142858, 8581.176, 5000.5, 0.2346938775510204 
2.8416291671438088, -92.39, -0.18331349206349207, 8605.15, 5000.5, 0.19727891156462585 
2.8331291451902603, -93.11, -0.18474206349206349, 8744.762, 5000.5, 0.2346938775510204 
2.8246545489235135, -92.368, -0.18326984126984125, 8609.568, 5000.5, 0.19727891156462585 
2.816205302288995, -93.19, -0.18490079365079365, 8754.374, 5000.5, 0.2857142857142857 
2.8077813294596283, -93.342, -0.18520238095238095, 8787.194, 5000.5, 0.22789115646258504 
2.7993825548351547, -93.012, -0.18454761904761904, 8727.104, 5000.5, 0.2312925170068027 
2.7910089030414564, -92.286, -0.18310714285714286, 8594.738, 5000.5, 0.25170068027210885 
2.7826602989298763, -92.848, -0.18422222222222223, 8698.452, 5000.5, 0.24489795918367346 
2.7743366675765477, -92.788, -0.1841031746031746, 8684.3, 5000.5, 0.20408163265306123 
2.7660379342817185, -93.4, -0.18531746031746033, 8797.476, 5000.5, 0.26870748299319724 
2.757764024569082, -92.796, -0.18411904761904763, 8684.88, 5000.5, 0.18027210884353742 
2.7495148641851097, -93.032, -0.18458730158730158, 8730.456, 5000.5, 0.22789115646258504 
2.7412903790983827, -93.608, -0.18573015873015875, 8841.944, 5000.5, 0.21768707482993196 
2.733090495498931, -93.71, -0.18593253968253967, 8855.942, 5000.5, 0.19047619047619047 
2.7249151397975653, -93.696, -0.1859047619047619, 8860.152, 5000.5, 0.2312925170068027 
2.7167642386252226, -92.616, -0.18376190476190477, 8650.676, 5000.5, 0.25170068027210885 
2.7086377188323034, -92.902, -0.1843293650793651, 8709.762, 5000.5, 0.24149659863945577 
2.700535507488019, -92.858, -0.1842420634920635, 8704.958, 5000.5, 0.2346938775510204 
2.6924575318797315, -93.32, -0.18515873015873013, 8782.824, 5000.5, 0.2585034013605442 
2.6844037195123076, -92.526, -0.18358333333333332, 8637.186, 5000.5, 0.24829931972789115 
2.6763739981074646, -92.32, -0.18317460317460316, 8594.136, 5000.5, 0.25170068027210885 
2.6683682956031207, -93.218, -0.1849563492063492, 8773.822, 5000.5, 0.21768707482993196 
2.660386540152751, -93.416, -0.18534920634920635, 8797.276, 5000.5, 0.22108843537414966 
2.6524286601247415, -93.96, -0.18642857142857142, 8900.32, 5000.5, 0.22448979591836735 
2.644494584101746, -93.19, -0.18490079365079365, 8750.554, 5000.5, 0.20408163265306123 
2.6365842408800444, -93.252, -0.1850238095238095, 8756.852, 5000.5, 0.21088435374149658 
2.6286975594689066, -93.9, -0.1863095238095238, 8887.824, 5000.5, 0.20408163265306123 
2.620834469089952, -93.832, -0.18617460317460316, 8882.26, 5000.5, 0.22789115646258504 
2.612994899176517, -93.302, -0.18512301587301588, 8787.082, 5000.5, 0.2585034013605442 
2.6051787793730186, -93.636, -0.18578571428571428, 8841.16, 5000.5, 0.24149659863945577 
2.5973860395343267, -93.052, -0.18462698412698414, 8741.556, 5000.5, 0.22448979591836735 
2.5896166097251334, -93.364, -0.18524603174603174, 8783.028, 5000.5, 0.2346938775510204 
2.5818704202193214, -93.232, -0.18498412698412697, 8764.8, 5000.5, 0.22789115646258504 
2.5741474014993453, -93.332, -0.18518253968253967, 8787.304, 5000.5, 0.24829931972789115 
2.5664474842556024, -93.372, -0.18526190476190477, 8788.956, 5000.5, 0.21428571428571427 
2.5587705993858116, -93.622, -0.1857579365079365, 8843.982, 5000.5, 0.24829931972789115 
2.5511166779943957, -93.606, -0.18572619047619046, 8837.978, 5000.5, 0.2891156462585034 
2.54348565139186, -93.164, -0.18484920634920635, 8754.176, 5000.5, 0.20068027210884354 
2.5358774510941777, -93.006, -0.18453571428571428, 8720.91, 5000.5, 0.22789115646258504 
2.528292008822175, -93.174, -0.18486904761904763, 8758.946, 5000.5, 0.24149659863945577 
2.5207292565009176, -93.96, -0.18642857142857142, 8899.432, 5000.5, 0.22448979591836735 
2.5131891262591006, -93.568, -0.18565079365079365, 8827.06, 5000.5, 0.22108843537414966 
2.5056715504284393, -93.994, -0.18649603174603174, 8906.798, 5000.5, 0.24829931972789115 
2.4981764615430624, -93.484, -0.18548412698412697, 8810.168, 5000.5, 0.2755102040816326 
2.4907037923389037, -93.822, -0.1861547619047619, 8871.338, 5000.5, 0.2074829931972789 
2.483253475753103, -94.2, -0.1869047619047619, 8944.752, 5000.5, 0.24149659863945577 
2.4758254449234003, -94.02, -0.18654761904761905, 8913.712, 5000.5, 0.20068027210884354 
2.468419633187538, -93.082, -0.18468650793650793, 8734.69, 5000.5, 0.23809523809523808 
2.461035974082661, -93.946, -0.18640079365079365, 8905.066, 5000.5, 0.26870748299319724 
2.4536744013447236, -93.398, -0.18531349206349207, 8790.79, 5000.5, 0.23809523809523808 
2.446334848907889, -93.34, -0.1851984126984127, 8770.608, 5000.5, 0.21088435374149658 
2.4390172509039427, -93.44, -0.1853968253968254, 8797.772, 5000.5, 0.19727891156462585 
2.4317215416616964, -94.808, -0.18811111111111112, 9055.196, 5000.5, 0.25170068027210885 
2.4244476557064027, -94.696, -0.18788888888888888, 9043.86, 5000.5, 0.24149659863945577 
2.4171955277591635, -94.266, -0.1870357142857143, 8964.682, 5000.5, 0.24489795918367346 
2.4099650927363476, -94.322, -0.1871468253968254, 8966.822, 5000.5, 0.2619047619047619 
2.4027562857490046, -94.122, -0.18675, 8932.542, 5000.5, 0.24149659863945577 
2.395569042102283, -94.624, -0.18774603174603174, 9031.436, 5000.5, 0.22789115646258504 
2.38840329729485, -94.042, -0.18659126984126984, 8921.786, 5000.5, 0.2755102040816326 
2.3812589870183127, -93.944, -0.1863968253968254, 8892.528, 5000.5, 0.2346938775510204 
2.37413604715664, -94.374, -0.18725, 8974.378, 5000.5, 0.24489795918367346 
2.3670344137855883, -94.202, -0.18690873015873016, 8947.406, 5000.5, 0.22108843537414966 
2.3599540231721274, -94.178, -0.18686111111111112, 8950.75, 5000.5, 0.27210884353741494 
2.3528948117738677, -94.316, -0.18713492063492063, 8964.072, 5000.5, 0.27210884353741494 
2.345856716238492, -94.078, -0.18666269841269842, 8916.074, 5000.5, 0.22448979591836735 
2.3388396734031853, -94.492, -0.187484126984127, 9003.144, 5000.5, 0.2755102040816326 
2.331843620294067, -93.94, -0.18638888888888888, 8897.416, 5000.5, 0.21768707482993196 
2.324868494125629, -94.33, -0.18716269841269842, 8970.814, 5000.5, 0.24489795918367346 
2.3179142323001694, -94.014, -0.18653571428571428, 8913.662, 5000.5, 0.20408163265306123 
2.3109807724072313, -95.01, -0.18851190476190477, 9101.306, 5000.5, 0.2755102040816326 
2.3040680522230446, -94.872, -0.18823809523809523, 9074.272, 5000.5, 0.2312925170068027 
2.297176009709964, -94.31, -0.18712301587301589, 8970.662, 5000.5, 0.20068027210884354 
2.290304583015915, -94.286, -0.18707539682539684, 8977.754, 5000.5, 0.2312925170068027 
2.283453710473839, -94.67, -0.18783730158730158, 9032.774, 5000.5, 0.20408163265306123 
2.276623330601138, -93.654, -0.18582142857142855, 8842.006, 5000.5, 0.22789115646258504 
2.2698133820991235, -94.924, -0.18834126984126986, 9081.428, 5000.5, 0.24149659863945577 
2.2630238038524686, -94.548, -0.1875952380952381, 9018.728, 5000.5, 0.23809523809523808 
2.256254534928655, -94.414, -0.1873293650793651, 8984.282, 5000.5, 0.21428571428571427 
2.2495055145774305, -94.7, -0.1878968253968254, 9042.508, 5000.5, 0.24489795918367346 
2.2427766822302613, -94.714, -0.18792460317460316, 9046.554, 5000.5, 0.21768707482993196 
2.23606797749979, -94.274, -0.1870515873015873, 8964.29, 5000.5, 0.2755102040816326 
2.229379340179291, -94.246, -0.18699603174603174, 8956.146, 5000.5, 0.22789115646258504 
2.222710710242135, -95.198, -0.18888492063492063, 9138.678, 5000.5, 0.24149659863945577 
2.216062027841245, -94.31, -0.18712301587301589, 8954.41, 5000.5, 0.21768707482993196 
2.2094332333085616, -95.228, -0.18894444444444444, 9137.776, 5000.5, 0.24489795918367346 
2.2028242671545093, -94.654, -0.18780555555555556, 9036.854, 5000.5, 0.2789115646258503 
2.1962350700674587, -94.92, -0.18833333333333332, 9087.756, 5000.5, 0.2585034013605442 
2.1896655829131966, -94.994, -0.18848015873015872, 9094.274, 5000.5, 0.20408163265306123 
2.183115746734397, -94.916, -0.1883253968253968, 9092.328, 5000.5, 0.25170068027210885 
2.176585502750087, -94.274, -0.1870515873015873, 8964.294, 5000.5, 0.22448979591836735 
2.170074792355125, -94.806, -0.18810714285714286, 9057.094, 5000.5, 0.24489795918367346 
2.16358355711967, -94.152, -0.18680952380952381, 8938.224, 5000.5, 0.2346938775510204 
2.15711173878866, -94.478, -0.18745634920634918, 8995.474, 5000.5, 0.22108843537414966 
2.150659279281289, -94.21, -0.18692460317460316, 8950.794, 5000.5, 0.24149659863945577 
2.1442261206904836, -95.134, -0.1887579365079365, 9130.55, 5000.5, 0.21768707482993196 
2.137812205282387, -94.534, -0.18756746031746033, 9005.41, 5000.5, 0.2346938775510204 
2.1314174754958364, -94.952, -0.1883968253968254, 9089.768, 5000.5, 0.2346938775510204 
2.1250418739418513, -94.514, -0.18752777777777777, 9007.914, 5000.5, 0.2346938775510204 
2.1186853434031145, -94.14, -0.18678571428571428, 8932.252, 5000.5, 0.21768707482993196 
2.1123478268334597, -95.398, -0.18928174603174602, 9167.602, 5000.5, 0.22448979591836735 
2.106029267357361, -94.852, -0.1881984126984127, 9068.572, 5000.5, 0.21768707482993196 
2.099729608269421, -94.198, -0.18690079365079365, 8941.366, 5000.5, 0.2312925170068027 
2.093448793033862, -95.098, -0.18868650793650793, 9109.034, 5000.5, 0.24489795918367346 
2.0871867652840193, -94.468, -0.18743650793650796, 8995.636, 5000.5, 0.21768707482993196 
2.0809434688218347, -94.716, -0.18792857142857142, 9050.608, 5000.5, 0.2312925170068027 
2.074718847617352, -94.95, -0.18839285714285714, 9081.146, 5000.5, 0.23809523809523808 
2.068512845808216, -94.652, -0.1878015873015873, 9037.876, 5000.5, 0.24489795918367346 
2.0623254076991686, -95.626, -0.189734126984127, 9217.778, 5000.5, 0.2346938775510204 
2.05615647776155, -95.148, -0.18878571428571428, 9119.912, 5000.5, 0.19047619047619047 
2.0500060006328007, -95.626, -0.189734126984127, 9221.986, 5000.5, 0.25510204081632654 
2.0438739211159653, -95.176, -0.18884126984126984, 9130.812, 5000.5, 0.21428571428571427 
2.037760184179195, -95.258, -0.18900396825396826, 9152.502, 5000.5, 0.2312925170068027 
2.031664734955256, -95.222, -0.18893253968253967, 9139.882, 5000.5, 0.19387755102040816 
2.025587518741035, -95.64, -0.18976190476190477, 9218.168, 5000.5, 0.27210884353741494 
2.01952848099705, -95.65, -0.18978174603174605, 9219.546, 5000.5, 0.2312925170068027 
2.0134875673469605, -95.214, -0.18891666666666668, 9141.15, 5000.5, 0.24149659863945577 
2.007464723577079, -94.842, -0.18817857142857142, 9071.634, 5000.5, 0.24489795918367346 
2.001459895635884, -95.272, -0.18903174603174605, 9151.6, 5000.5, 0.27210884353741494 
1.9954730296335366, -94.868, -0.18823015873015872, 9074.776, 5000.5, 0.2585034013605442 
1.9895040718413952, -95.604, -0.1896904761904762, 9214.84, 5000.5, 0.282312925170068 
1.9835529686915345, -95.628, -0.18973809523809523, 9222.956, 5000.5, 0.24829931972789115 
1.9776196667762636, -94.728, -0.18795238095238095, 9038.184, 5000.5, 0.26870748299319724 
1.9717041128476476, -95.24, -0.18896825396825395, 9146.696, 5000.5, 0.2312925170068027 
1.9658062538170296, -95.526, -0.18953571428571428, 9200.174, 5000.5, 0.24489795918367346 
1.959926036754554, -95.24, -0.18896825396825395, 9142.296, 5000.5, 0.25510204081632654 
1.9540634088886912, -95.642, -0.189765873015873, 9222.082, 5000.5, 0.2653061224489796 
1.9482183176057657, -95.446, -0.18937698412698412, 9177.122, 5000.5, 0.2074829931972789 
1.942390710449481, -95.968, -0.19041269841269842, 9291.36, 5000.5, 0.23809523809523808 
1.9365805351204517, -95.354, -0.18919444444444444, 9163.85, 5000.5, 0.2789115646258503 
1.9307877394757322, -95.692, -0.18986507936507935, 9228.696, 5000.5, 0.22448979591836735 
1.92501227152835, -95.796, -0.19007142857142859, 9255.216, 5000.5, 0.25510204081632654 
1.919254079446838, -95.898, -0.1902738095238095, 9263.666, 5000.5, 0.2585034013605442 
1.91351311155477, -96.018, -0.19051190476190477, 9299.15, 5000.5, 0.19727891156462585 
1.9077893163302981, -94.782, -0.18805952380952382, 9054.95, 5000.5, 0.21768707482993196 
1.9020826424056874, -95.62, -0.18972222222222224, 9214.396, 5000.5, 0.22108843537414966 
1.896393038566858, -95.582, -0.1896468253968254, 9202.086, 5000.5, 0.24829931972789115 
1.890720453752923, -95.512, -0.18950793650793651, 9208.524, 5000.5, 0.2585034013605442 
1.8850648370557321, -95.818, -0.19011507936507935, 9258.01, 5000.5, 0.22789115646258504 
1.8794261377194137, -95.644, -0.18976984126984128, 9218.764, 5000.5, 0.2074829931972789 
1.8738043051399207, -95.802, -0.19008333333333335, 9257.574, 5000.5, 0.2074829931972789 
1.8681992888645733, -95.82, -0.1901190476190476, 9253.136, 5000.5, 0.24489795918367346 
1.8626110385916095, -95.858, -0.19019444444444444, 9258.718, 5000.5, 0.21768707482993196 
1.857039504169733, -96.246, -0.1909642857142857, 9340.75, 5000.5, 0.21088435374149658 
1.851484635597662, -95.636, -0.18975396825396826, 9217.32, 5000.5, 0.19727891156462585 
1.8459463830236795, -96.102, -0.19067857142857145, 9310.634, 5000.5, 0.22789115646258504 
1.8404246967451896, -96.138, -0.19075, 9312.234, 5000.5, 0.25170068027210885 
1.8349195272082683, -95.88, -0.19023809523809523, 9262.404, 5000.5, 0.19727891156462585 
1.82943082500722, -94.878, -0.18825, 9073.118, 5000.5, 0.27210884353741494 
1.823958540884134, -96.28, -0.19103174603174602, 9347.236, 5000.5, 0.20068027210884354 
1.8185026257284418, -96.036, -0.19054761904761905, 9303.224, 5000.5, 0.17346938775510204 
1.8130630305764766, -95.438, -0.18936111111111112, 9176.71, 5000.5, 0.2312925170068027 
1.807639706611036, -95.79, -0.19005952380952382, 9256.206, 5000.5, 0.24489795918367346 
1.8022326051609394, -95.976, -0.19042857142857142, 9283.764, 5000.5, 0.23809523809523808 
1.7968416777005958, -96.004, -0.190484126984127, 9286.656, 5000.5, 0.25510204081632654 
1.7914668758495655, -95.638, -0.18975793650793651, 9221.618, 5000.5, 0.25510204081632654 
1.7861081513721273, -95.144, -0.1887777777777778, 9120.884, 5000.5, 0.23809523809523808 
1.7807654561768445, -96.034, -0.1905436507936508, 9292.266, 5000.5, 0.25170068027210885 
1.7754387423161337, -96.812, -0.19208730158730158, 9452.352, 5000.5, 0.18367346938775508 
1.7701279619858363, -96.584, -0.19163492063492063, 9404.576, 5000.5, 0.21088435374149658 
1.7648330675247856, -96.146, -0.19076587301587303, 9311.71, 5000.5, 0.24829931972789115 
1.7595540114143828, -95.7, -0.1898809523809524, 9229.328, 5000.5, 0.22448979591836735 
1.754290746278169, -96.154, -0.19078174603174602, 9320.554, 5000.5, 0.18707482993197277 
1.7490432248813996, -96.072, -0.19061904761904763, 9300.272, 5000.5, 0.2312925170068027 
1.7438114001306213, -95.88, -0.19023809523809523, 9272.132, 5000.5, 0.24149659863945577 
1.7385952250732484, -96.694, -0.1918531746031746, 9419.03, 5000.5, 0.2755102040816326 
1.7333946528971433, -96.488, -0.19144444444444444, 9384.916, 5000.5, 0.24149659863945577 
1.728209636930194, -96.294, -0.1910595238095238, 9347.462, 5000.5, 0.2653061224489796 
1.7230401306398972, -96.59, -0.1916468253968254, 9402.682, 5000.5, 0.18367346938775508 
1.7178860876329396, -96.384, -0.19123809523809523, 9362.356, 5000.5, 0.2653061224489796 
1.7127474616547822, -96.432, -0.19133333333333333, 9370.292, 5000.5, 0.2755102040816326 
1.7076242065892442, -97.008, -0.19247619047619047, 9483.776, 5000.5, 0.22789115646258504 
1.7025162764580903, -96.744, -0.19195238095238096, 9437.572, 5000.5, 0.22448979591836735 
1.6974236254206176, -96.49, -0.1914484126984127, 9379.466, 5000.5, 0.23809523809523808 
1.6923462077732443, -96.35, -0.1911706349206349, 9352.186, 5000.5, 0.2312925170068027 
1.687283977949099, -96.35, -0.1911706349206349, 9360.61, 5000.5, 0.18027210884353742 
1.6822368905176122, -96.572, -0.19161111111111112, 9396.312, 5000.5, 0.17687074829931973 
1.6772049001841087, -96.628, -0.1917222222222222, 9408.64, 5000.5, 0.2755102040816326 
1.6721879617894015, -96.996, -0.19245238095238093, 9478.62, 5000.5, 0.21768707482993196 
1.6671860303093848, -96.94, -0.19234126984126984, 9471.34, 5000.5, 0.20068027210884354 
1.6621990608546326, -96.916, -0.1922936507936508, 9459.852, 5000.5, 0.24149659863945577 
1.6572270086699936, -96.236, -0.19094444444444444, 9330.712, 5000.5, 0.23809523809523808 
1.6522698291341897, -96.502, -0.1914722222222222, 9386.598, 5000.5, 0.2074829931972789 
1.6473274777594173, -95.796, -0.19007142857142859, 9252.156, 5000.5, 0.2346938775510204 
1.6423999101909468, -96.522, -0.19151190476190477, 9390.446, 5000.5, 0.20408163265306123 
1.6374870822067233, -96.782, -0.19202777777777777, 9446.15, 5000.5, 0.21088435374149658 
1.6325889497169732, -96.398, -0.191265873015873, 9364.886, 5000.5, 0.25170068027210885 
1.6277054687638046, -97.07, -0.19259920634920633, 9502.646, 5000.5, 0.19727891156462585 
1.6228365955208157, -96.486, -0.1914404761904762, 9384.342, 5000.5, 0.24489795918367346 
1.6179822862927002, -97.176, -0.19280952380952382, 9514.012, 5000.5, 0.24829931972789115 
1.6131424975148547, -96.58, -0.19162698412698412, 9400.776, 5000.5, 0.22789115646258504 
1.6083171857529897, -97.746, -0.1939404761904762, 9629.066, 5000.5, 0.22789115646258504 
1.603506307702737, -97.352, -0.19315873015873017, 9550.796, 5000.5, 0.22789115646258504 
1.5987098201892638, -96.96, -0.19238095238095237, 9472.96, 5000.5, 0.23809523809523808 
1.5939276801668834, -97.22, -0.1928968253968254, 9524.636, 5000.5, 0.24149659863945577 
1.5891598447186692, -98.356, -0.19515079365079363, 9750.14, 5000.5, 0.21428571428571427 
1.584406271056071, -96.658, -0.19178174603174603, 9416.586, 5000.5, 0.25510204081632654 
1.5796669165185282, -97.226, -0.19290873015873017, 9528.33, 5000.5, 0.22108843537414966 
1.5749417385730902, -96.978, -0.19241666666666665, 9475.286, 5000.5, 0.22108843537414966 
1.5702306948140319, -97.776, -0.194, 9644.52, 5000.5, 0.23809523809523808 
1.5655337429624747, -97.252, -0.19296031746031744, 9527.544, 5000.5, 0.22448979591836735 
1.560850840866007, -97.848, -0.19414285714285714, 9649.628, 5000.5, 0.2346938775510204 
1.5561819464983047, -97.324, -0.1931031746031746, 9541.532, 5000.5, 0.22108843537414966 
1.5515270179587561, -96.972, -0.19240476190476188, 9480.288, 5000.5, 0.21428571428571427 
1.5468860134720839, -97.01, -0.19248015873015875, 9482.346, 5000.5, 0.22448979591836735 
1.5422588913879711, -96.5, -0.19146825396825398, 9383.892, 5000.5, 0.21428571428571427 
1.537645610180688, -97.892, -0.19423015873015873, 9657.48, 5000.5, 0.19727891156462585 
1.5330461284487171, -96.842, -0.1921468253968254, 9450.15, 5000.5, 0.2074829931972789 
1.5284604049143846, -97.226, -0.19290873015873017, 9523.378, 5000.5, 0.2755102040816326 
1.5238883984234883, -96.918, -0.19229761904761905, 9467.786, 5000.5, 0.22448979591836735 
1.5193300679449282, -97.694, -0.19383730158730159, 9631.114, 5000.5, 0.23809523809523808 
1.5147853725703384, -97.17, -0.19279761904761905, 9524.446, 5000.5, 0.24489795918367346 
1.5102542715137202, -97.41, -0.19327380952380951, 9564.29, 5000.5, 0.22108843537414966 
1.5057367241110766, -97.158, -0.19277380952380951, 9511.346, 5000.5, 0.24489795918367346 
1.5012326898200459, -97.53, -0.19351190476190477, 9589.082, 5000.5, 0.22108843537414966 
1.4967421282195394, -97.308, -0.1930714285714286, 9547.608, 5000.5, 0.23809523809523808 
1.492264999009378, -97.7, -0.19384920634920635, 9617.236, 5000.5, 0.22789115646258504 
1.4878012620099295, -97.924, -0.1942936507936508, 9673.988, 5000.5, 0.21088435374149658 
1.48335087716175, -96.81, -0.19208333333333333, 9445.67, 5000.5, 0.21768707482993196 
1.4789138045252233, -97.742, -0.19393253968253968, 9631.406, 5000.5, 0.17006802721088435 
1.474490004280202, -97.444, -0.19334126984126984, 9565.98, 5000.5, 0.20068027210884354 
1.4700794367256513, -97.346, -0.1931468253968254, 9558.558, 5000.5, 0.2619047619047619 
1.4656820622792919, -97.902, -0.19425, 9666.506, 5000.5, 0.24489795918367346 
1.4612978414772446, -97.456, -0.19336507936507938, 9564.38, 5000.5, 0.2312925170068027 
1.456926734973677, -97.144, -0.19274603174603175, 9512.352, 5000.5, 0.22108843537414966 
1.4525687035404498, -97.438, -0.19332936507936507, 9582.802, 5000.5, 0.2585034013605442 
1.4482237080667648, -98.362, -0.1951626984126984, 9751.846, 5000.5, 0.25510204081632654 
1.4438917095588137, -98.62, -0.1956746031746032, 9797.956, 5000.5, 0.19727891156462585 
1.4395726691394293, -97.724, -0.1938968253968254, 9624.272, 5000.5, 0.19727891156462585 
1.4352665480477342, -97.928, -0.1943015873015873, 9666.804, 5000.5, 0.21428571428571427 
1.430973307638796, -97.282, -0.19301984126984126, 9536.458, 5000.5, 0.2653061224489796 
1.4266929093832779, -97.79, -0.1940277777777778, 9633.97, 5000.5, 0.2074829931972789 
1.4224253148670942, -98.246, -0.19493253968253968, 9726.186, 5000.5, 0.24149659863945577 
1.4181704857910662, -97.668, -0.1937857142857143, 9608.744, 5000.5, 0.2346938775510204 
1.413928383970576, -98.64, -0.1957142857142857, 9803.164, 5000.5, 0.22448979591836735 
1.4096989713352268, -98.058, -0.19455952380952382, 9692.342, 5000.5, 0.25170068027210885 
1.405482209928499, -98.412, -0.19526190476190478, 9766.5, 5000.5, 0.19727891156462585 
1.4012780619074108, -97.446, -0.1933452380952381, 9566.046, 5000.5, 0.2653061224489796 
1.3970864895421784, -98.986, -0.19640079365079366, 9879.274, 5000.5, 0.22789115646258504 
1.3929074552158762, -98.018, -0.19448015873015873, 9675.25, 5000.5, 0.2312925170068027 
1.388740921424102, -98.662, -0.19575793650793652, 9802.17, 5000.5, 0.24829931972789115 
1.384586850774637, -98.43, -0.19529761904761905, 9769.774, 5000.5, 0.24829931972789115 
1.3804452059871126, -97.442, -0.19333730158730159, 9577.126, 5000.5, 0.23809523809523808 
1.3763159498926745, -97.928, -0.1943015873015873, 9655.228, 5000.5, 0.2346938775510204 
1.3721990454336506, -97.918, -0.19428174603174606, 9663.27, 5000.5, 0.23809523809523808 
1.368094455663217, -97.738, -0.19392460317460317, 9632.798, 5000.5, 0.2653061224489796 
1.364002143745067, -98.29, -0.1950198412698413, 9730.934, 5000.5, 0.2619047619047619 
1.3599220729530805, -98.228, -0.19489682539682537, 9724.12, 5000.5, 0.22448979591836735 
1.3558542066709947, -98.568, -0.19557142857142856, 9785.336, 5000.5, 0.23809523809523808 
1.3517985083920745, -98.026, -0.19449603174603175, 9681.278, 5000.5, 0.22789115646258504 
1.3477549417187862, -97.802, -0.1940515873015873, 9644.386, 5000.5, 0.22108843537414966 
1.3437234703624699, -98.816, -0.19606349206349208, 9835.468, 5000.5, 0.20408163265306123 
1.3397040581430142, -97.374, -0.19320238095238093, 9557.822, 5000.5, 0.22108843537414966 
1.3356966689885317, -99.322, -0.19706746031746034, 9942.314, 5000.5, 0.2312925170068027 
1.3317012669350345, -97.716, -0.19388095238095238, 9623.512, 5000.5, 0.2755102040816326 
1.3277178161261123, -98.072, -0.1945873015873016, 9700.82, 5000.5, 0.2074829931972789 
1.32374628081261, -98.38, -0.19519841269841268, 9748.336, 5000.5, 0.2312925170068027 
1.3197866253523078, -98.538, -0.19551190476190475, 9774.594, 5000.5, 0.22789115646258504 
1.3158388142095998, -98.64, -0.1957142857142857, 9794.592, 5000.5, 0.2312925170068027 
1.3119028119551766, -98.294, -0.19502777777777777, 9735.382, 5000.5, 0.22448979591836735 
1.3079785832657065, -99.488, -0.1973968253968254, 9980.452, 5000.5, 0.21428571428571427 
1.3040660929235184, -99.038, -0.19650396825396824, 9888.918, 5000.5, 0.2312925170068027 
1.3001653058162868, -98.012, -0.19446825396825396, 9675.924, 5000.5, 0.21768707482993196 
1.2962761869367152, -98.53, -0.19549603174603175, 9780.39, 5000.5, 0.22108843537414966 
1.2923987013822227, -98.514, -0.1954642857142857, 9786.422, 5000.5, 0.22789115646258504 
1.2885328143546315, -98.612, -0.19565873015873014, 9801.256, 5000.5, 0.24489795918367346 
1.2846784911598528, -98.996, -0.1964206349206349, 9872.204, 5000.5, 0.24149659863945577 
1.2808356972075772, -98.126, -0.19469444444444445, 9697.026, 5000.5, 0.22108843537414966 
1.2770043980109633, -98.328, -0.1950952380952381, 9746.044, 5000.5, 0.2312925170068027 
1.2731845591863287, -98.212, -0.19486507936507938, 9718.176, 5000.5, 0.22108843537414966 
1.2693761464528404, -98.662, -0.19575793650793652, 9810.274, 5000.5, 0.24489795918367346 
1.2655791256322082, -98.28, -0.195, 9732.856, 5000.5, 0.19047619047619047 
1.2617934626483787, -98.826, -0.19608333333333333, 9840.758, 5000.5, 0.23809523809523808 
1.2580191235272276, -99.02, -0.19646825396825396, 9885.424, 5000.5, 0.2074829931972789 
1.2542560743962556, -98.964, -0.19635714285714284, 9875.5, 5000.5, 0.21088435374149658 
1.2505042814842848, -99.328, -0.19707936507936508, 9936.884, 5000.5, 0.21768707482993196 
1.2467637111211551, -98.798, -0.19602777777777777, 9839.542, 5000.5, 0.22448979591836735 
1.2430343297374227, -99.284, -0.1969920634920635, 9929.268, 5000.5, 0.22108843537414966 
1.2393161038640579, -99.404, -0.19723015873015873, 9954.216, 5000.5, 0.24829931972789115 
1.2356090001321451, -98.562, -0.1955595238095238, 9785.418, 5000.5, 0.2585034013605442 
1.2319129852725843, -97.558, -0.19356746031746033, 9589.262, 5000.5, 0.25510204081632654 
1.2282280261157905, -99.098, -0.19662301587301587, 9897.654, 5000.5, 0.23809523809523808 
1.2245540895913984, -98.816, -0.19606349206349208, 9839.84, 5000.5, 0.26870748299319724 
1.2208911427279636, -98.54, -0.19551587301587303, 9786.648, 5000.5, 0.2074829931972789 
1.2172391526526676, -99.238, -0.19690079365079366, 9922.126, 5000.5, 0.24149659863945577 
1.2135980865910232, -98.75, -0.19593253968253968, 9822.31, 5000.5, 0.24489795918367346 
1.2099679118665794, -98.85, -0.19613095238095238, 9842.746, 5000.5, 0.22789115646258504 
1.2063485959006286, -98.824, -0.19607936507936508, 9851.148, 5000.5, 0.2619047619047619 
1.2027401062119145, -99.38, -0.19718253968253968, 9951.264, 5000.5, 0.20408163265306123 
1.1991424104163402, -98.618, -0.1956706349206349, 9808.37, 5000.5, 0.22448979591836735 
1.1955554762266778, -99.25, -0.19692460317460317, 9925.438, 5000.5, 0.2312925170068027 
1.1919792714522786, -98.766, -0.19596428571428573, 9824.862, 5000.5, 0.2074829931972789 
1.188413763998784, -99.59, -0.19759920634920636, 9994.926, 5000.5, 0.24489795918367346 
1.1848589218678376, -99.104, -0.19663492063492063, 9891.66, 5000.5, 0.24489795918367346 
1.1813147131567983, -99.084, -0.1965952380952381, 9887.964, 5000.5, 0.25510204081632654 
1.1777811060584535, -99.034, -0.19649603174603175, 9875.75, 5000.5, 0.24149659863945577 
1.1742580688607345, -98.92, -0.19626984126984126, 9863.676, 5000.5, 0.27210884353741494 
1.1707455699464302, -98.994, -0.19641666666666666, 9875.858, 5000.5, 0.22448979591836735 
1.1672435777929056, -98.97, -0.1963690476190476, 9861.438, 5000.5, 0.2619047619047619 
1.163752060971817, -99.396, -0.1972142857142857, 9952.104, 5000.5, 0.20408163265306123 
1.1602709881488316, -99.67, -0.19775793650793652, 10016.326, 5000.5, 0.20408163265306123 
1.156800328083344, -98.88, -0.1961904761904762, 9854.18, 5000.5, 0.18367346938775508 
1.1533400496281987, -98.69, -0.19581349206349205, 9817.582, 5000.5, 0.2074829931972789 
1.1498901217294082, -99.66, -0.19773809523809524, 10007.7, 5000.5, 0.22448979591836735 
1.1464505134258756, -98.688, -0.19580952380952382, 9822.268, 5000.5, 0.20068027210884354 
1.1430211938491162, -99.208, -0.19684126984126984, 9912.564, 5000.5, 0.2653061224489796 
1.1396021322229806, -99.136, -0.19669841269841268, 9904.844, 5000.5, 0.21428571428571427 
1.136193297863379, -99.338, -0.19709920634920633, 9951.614, 5000.5, 0.20408163265306123 
1.1327946601780048, -99.254, -0.19693253968253968, 9931.094, 5000.5, 0.21428571428571427 
1.129406188666061, -99.118, -0.1966626984126984, 9896.102, 5000.5, 0.22108843537414966 
1.126027852917986, -99.49, -0.19740079365079363, 9971.594, 5000.5, 0.2346938775510204 
1.1226596226151804, -99.876, -0.19816666666666669, 10058.832, 5000.5, 0.24149659863945577 
1.119301467529736, -99.302, -0.1970277777777778, 9932.322, 5000.5, 0.22108843537414966 
1.115953357524163, -99.918, -0.19825, 10059.342, 5000.5, 0.24149659863945577 
1.1126152625511212, -99.67, -0.19775793650793652, 9998.554, 5000.5, 0.21768707482993196 
1.1092871526531491, -99.79, -0.19799603174603175, 10031.178, 5000.5, 0.20068027210884354 
1.1059689979623952, -99.686, -0.19778968253968254, 10002.714, 5000.5, 0.21088435374149658 
1.1026607687003507, -98.912, -0.19625396825396826, 9854.412, 5000.5, 0.18707482993197277 
1.0993624351775815, -98.98, -0.1963888888888889, 9872.876, 5000.5, 0.19387755102040816 
1.0960739677934614, -99.372, -0.19716666666666666, 9948.072, 5000.5, 0.2312925170068027 
1.0927953370359087, -100.304, -0.199015873015873, 10132.904, 5000.5, 0.2653061224489796 
1.0895265134811178, -99.616, -0.19765079365079366, 10001.6, 5000.5, 0.23809523809523808 
1.086267467793298, -99.208, -0.19684126984126984, 9922.412, 5000.5, 0.22108843537414966 
1.0830181707244095, -99.32, -0.19706349206349205, 9939.816, 5000.5, 0.22448979591836735 
1.0797785931139001, -98.896, -0.19622222222222221, 9856.384, 5000.5, 0.19727891156462585 
1.0765487058884446, -99.268, -0.19696031746031747, 9927.324, 5000.5, 0.24489795918367346 
1.073328480061683, -100.4, -0.19920634920634922, 10159.98, 5000.5, 0.18707482993197277 
1.0701178867339605, -99.82, -0.19805555555555554, 10034.112, 5000.5, 0.24829931972789115 
1.0669168970920693, -99.726, -0.1978690476190476, 10013.69, 5000.5, 0.2312925170068027 
1.063725482408988, -99.562, -0.1975436507936508, 9988.918, 5000.5, 0.25510204081632654 
1.0605436140436257, -99.084, -0.1965952380952381, 9884.156, 5000.5, 0.22448979591836735 
1.0573712634405643, -100.342, -0.19909126984126985, 10148.562, 5000.5, 0.2346938775510204 
1.0542084021298008, -98.966, -0.1963611111111111, 9870.31, 5000.5, 0.22448979591836735 
1.0510550017264944, -101.032, -0.20046031746031745, 10288.012, 5000.5, 0.25510204081632654 
1.0479110339307098, -99.73, -0.19787698412698412, 10019.066, 5000.5, 0.22789115646258504 
1.0447764705271643, -100.512, -0.19942857142857143, 10178.848, 5000.5, 0.22108843537414966 
1.0416512833849736, -100.092, -0.1985952380952381, 10091.024, 5000.5, 0.22108843537414966 
1.0385354444574004, -99.378, -0.19717857142857143, 9957.794, 5000.5, 0.25510204081632654 
1.0354289257816018, -100.35, -0.19910714285714284, 10142.746, 5000.5, 0.2074829931972789 
1.032331699478379, -99.756, -0.19792857142857143, 10035.232, 5000.5, 0.18367346938775508 
1.0292437377519268, -99.57, -0.1975595238095238, 9991.866, 5000.5, 0.25170068027210885 
1.0261650128895843, -99.778, -0.19797222222222224, 10026.642, 5000.5, 0.22789115646258504 
1.0230954972615856, -100.192, -0.19879365079365077, 10115.16, 5000.5, 0.23809523809523808 
1.020035163320813, -100.136, -0.19868253968253968, 10098.104, 5000.5, 0.22448979591836735 
1.0169839836025483, -99.808, -0.19803174603174606, 10044.928, 5000.5, 0.22448979591836735 
1.013941930724228, -100.138, -0.19868650793650794, 10103.662, 5000.5, 0.25510204081632654 
1.010908977385196, -99.744, -0.19790476190476192, 10016.668, 5000.5, 0.27210884353741494 
1.0078850963664598, -100.53, -0.1994642857142857, 10180.21, 5000.5, 0.21428571428571427 
1.0048702605304454, -99.668, -0.19775396825396827, 10016.272, 5000.5, 0.22108843537414966 
1.0018644428207537, -100.03, -0.19847222222222222, 10083.078, 5000.5, 0.25510204081632654 
0.9988676162619191, -99.226, -0.19687698412698412, 9926.29, 5000.5, 0.20068027210884354 
0.9958797539591652, -100.2, -0.19880952380952382, 10109.768, 5000.5, 0.24149659863945577 
0.9929008290981651, -100.594, -0.19959126984126982, 10199.642, 5000.5, 0.22789115646258504 
0.9899308149448005, -100.704, -0.1998095238095238, 10216.544, 5000.5, 0.24489795918367346 
0.9869696848449211, -100.668, -0.19973809523809524, 10209.032, 5000.5, 0.23809523809523808 
0.9840174122241059, -99.666, -0.19774999999999998, 10006.506, 5000.5, 0.20068027210884354 
0.9810739705874247, -100.256, -0.19892063492063491, 10124.312, 5000.5, 0.2346938775510204 
0.9781393335192002, -100.352, -0.19911111111111113, 10144.532, 5000.5, 0.24149659863945577 
0.9752134746827711, -99.472, -0.19736507936507935, 9969.568, 5000.5, 0.24489795918367346 
0.9722963678202555, -100.734, -0.1998690476190476, 10224.102, 5000.5, 0.20068027210884354 
0.9693879867523153, -100.266, -0.1989404761904762, 10129.602, 5000.5, 0.21428571428571427 
0.9664883053779216, -100.062, -0.1985357142857143, 10084.686, 5000.5, 0.2585034013605442 
0.9635972976741201, -100.902, -0.20020238095238096, 10260.858, 5000.5, 0.21088435374149658 
0.9607149376957971, -99.478, -0.19737698412698412, 9961.758, 5000.5, 0.22448979591836735 
0.9578411995754483, -99.792, -0.198, 10035.272, 5000.5, 0.2346938775510204 
0.9549760575229448, -100.73, -0.19986111111111113, 10214.266, 5000.5, 0.2891156462585034 
0.9521194858253024, -100.686, -0.19977380952380955, 10210.794, 5000.5, 0.2619047619047619 
0.9492714588464511, -100.046, -0.19850396825396827, 10082.302, 5000.5, 0.2653061224489796 
0.9464319510270047, -99.818, -0.19805158730158728, 10040.438, 5000.5, 0.22448979591836735 
0.9436009368840315, -100.336, -0.19907936507936508, 10142.044, 5000.5, 0.20408163265306123 
0.9407783910108256, -100.42, -0.19924603174603175, 10164.764, 5000.5, 0.25170068027210885 
0.9379642880766791, -100.744, -0.1998888888888889, 10226.408, 5000.5, 0.24149659863945577 
0.935158602826654, -101.028, -0.20045238095238097, 10282.16, 5000.5, 0.18027210884353742 
0.9323613100813568, -100.122, -0.19865476190476192, 10105.946, 5000.5, 0.22108843537414966 
0.9295723847367116, -99.946, -0.19830555555555554, 10052.894, 5000.5, 0.2346938775510204 
0.9267918017637347, -100.476, -0.19935714285714284, 10171.084, 5000.5, 0.2346938775510204 
0.9240195362083109, -100.538, -0.19948015873015873, 10179.386, 5000.5, 0.21088435374149658 
0.9212555631909686, -100.626, -0.19965476190476192, 10208.054, 5000.5, 0.24829931972789115 
0.9184998579066571, -100.976, -0.20034920634920636, 10270.58, 5000.5, 0.2585034013605442 
0.9157523956245237, -100.678, -0.1997579365079365, 10214.786, 5000.5, 0.25510204081632654 
0.9130131516876918, -100.654, -0.19971031746031745, 10205.906, 5000.5, 0.2619047619047619 
0.9102821015130401, -100.842, -0.20008333333333334, 10246.838, 5000.5, 0.24829931972789115 
0.9075592205909808, -100.424, -0.19925396825396827, 10162.464, 5000.5, 0.20408163265306123 
0.904844484485241, -100.246, -0.19890079365079363, 10123.346, 5000.5, 0.2074829931972789 
0.9021378688326425, -100.762, -0.19992460317460317, 10229.91, 5000.5, 0.21768707482993196 
0.8994393493428836, -100.936, -0.2002698412698413, 10266.808, 5000.5, 0.21768707482993196 
0.8967489017983209, -101.572, -0.20153174603174603, 10392.432, 5000.5, 0.22108843537414966 
0.8940665020537519, -100.838, -0.20007539682539682, 10249.398, 5000.5, 0.23809523809523808 
0.8913921260361988, -100.648, -0.19969841269841268, 10213.42, 5000.5, 0.22789115646258504 
0.8887257497446914, -101.216, -0.20082539682539682, 10325.568, 5000.5, 0.21768707482993196 
0.8860673492500531, -100.838, -0.20007539682539682, 10244.206, 5000.5, 0.19047619047619047 
0.8834169006946851, -100.996, -0.20038888888888887, 10276.56, 5000.5, 0.23809523809523808 
0.8807743802923527, -100.234, -0.19887698412698412, 10122.562, 5000.5, 0.24149659863945577 
0.8781397643279716, -100.404, -0.1992142857142857, 10157.0, 5000.5, 0.2074829931972789 
0.8755130291573956, -100.75, -0.19990079365079366, 10223.886, 5000.5, 0.20408163265306123 
0.8728941512072036, -101.214, -0.20082142857142857, 10317.402, 5000.5, 0.19387755102040816 
0.8702831069744887, -100.768, -0.19993650793650794, 10227.92, 5000.5, 0.24149659863945577 
0.8676798730266472, -100.95, -0.20029761904761906, 10255.23, 5000.5, 0.21768707482993196 
0.8650844260011679, -100.782, -0.1999642857142857, 10226.258, 5000.5, 0.21768707482993196 
0.8624967426054229, -100.59, -0.19958333333333333, 10188.434, 5000.5, 0.21768707482993196 
0.8599167996164582, -101.27, -0.20093253968253968, 10327.322, 5000.5, 0.2312925170068027 
0.8573445738807857, -101.134, -0.2006626984126984, 10305.67, 5000.5, 0.24829931972789115 
0.8547800423141748, -100.552, -0.19950793650793652, 10192.472, 5000.5, 0.24489795918367346 
0.852223181901446, -100.268, -0.19894444444444445, 10125.808, 5000.5, 0.20408163265306123 
0.8496739696962636, -100.336, -0.19907936507936508, 10141.964, 5000.5, 0.21088435374149658 
0.8471323828209304, -100.778, -0.19995634920634922, 10222.358, 5000.5, 0.2653061224489796 
0.8445983984661818, -100.91, -0.20021825396825396, 10256.074, 5000.5, 0.21768707482993196 
0.8420719938909816, -101.536, -0.20146031746031745, 10380.812, 5000.5, 0.22448979591836735 
0.8395531464223177, -101.336, -0.20106349206349206, 10346.796, 5000.5, 0.23809523809523808 
0.8370418334549987, -100.734, -0.1998690476190476, 10215.002, 5000.5, 0.24149659863945577 
0.8345380324514506, -100.744, -0.1998888888888889, 10223.132, 5000.5, 0.23809523809523808 
0.8320417209415155, -100.512, -0.19942857142857143, 10184.976, 5000.5, 0.24489795918367346 
0.8295528765222488, -101.318, -0.20102777777777778, 10332.878, 5000.5, 0.24149659863945577 
0.8270714768577192, -100.34, -0.1990873015873016, 10146.836, 5000.5, 0.23809523809523808 
0.8245974996788074, -101.84, -0.20206349206349208, 10444.988, 5000.5, 0.21088435374149658 
0.8221309227830064, -101.802, -0.20198809523809524, 10446.014, 5000.5, 0.2857142857142857 
0.8196717240342228, -101.206, -0.20080555555555557, 10317.082, 5000.5, 0.19387755102040816 
0.8172198813625781, -100.758, -0.19991666666666666, 10225.354, 5000.5, 0.22108843537414966 
0.8147753727642093, -100.754, -0.19990873015873017, 10223.586, 5000.5, 0.22448979591836735 
0.8123381763010735, -100.798, -0.19999603174603175, 10232.338, 5000.5, 0.22108843537414966 
0.8099082701007494, -101.642, -0.20167063492063492, 10401.67, 5000.5, 0.23809523809523808 
0.8074856323562417, -101.548, -0.201484126984127, 10385.02, 5000.5, 0.22448979591836735 
0.805070241325785, -100.572, -0.19954761904761906, 10188.056, 5000.5, 0.18027210884353742 
0.8026620753326495, -102.022, -0.20242460317460317, 10477.562, 5000.5, 0.23809523809523808 
0.8002611127649455, -101.846, -0.20207539682539682, 10446.938, 5000.5, 0.21088435374149658 
0.7978673320754299, -100.912, -0.20022222222222225, 10261.808, 5000.5, 0.24829931972789115 
0.7954807117813129, -101.248, -0.2008888888888889, 10330.364, 5000.5, 0.21088435374149658 
0.793101230464065, -100.952, -0.20030158730158729, 10260.52, 5000.5, 0.2312925170068027 
0.7907288667692248, -100.508, -0.19942063492063491, 10185.888, 5000.5, 0.22789115646258504 
0.7883635994062076, -101.146, -0.20068650793650794, 10297.53, 5000.5, 0.2312925170068027 
0.7860054071481142, -101.798, -0.20198015873015873, 10427.578, 5000.5, 0.19047619047619047 
0.7836542688315398, -100.904, -0.2002063492063492, 10253.228, 5000.5, 0.24149659863945577 
0.7813101633563856, -102.148, -0.20267460317460317, 10511.852, 5000.5, 0.22448979591836735 
0.7789730696856674, -101.952, -0.2022857142857143, 10481.4, 5000.5, 0.24489795918367346 
0.7766429668453287, -101.506, -0.20140079365079366, 10378.766, 5000.5, 0.2585034013605442 
0.7743198339240511, -101.48, -0.20134920634920636, 10379.436, 5000.5, 0.2755102040816326 
0.7720036500730676, -101.444, -0.20127777777777778, 10366.4, 5000.5, 0.21088435374149658 
0.7696943945059747, -101.196, -0.2007857142857143, 10329.768, 5000.5, 0.24829931972789115 
0.7673920464985462, -100.944, -0.2002857142857143, 10262.556, 5000.5, 0.24829931972789115 
0.7650965853885476, -100.814, -0.20002777777777778, 10248.95, 5000.5, 0.18707482993197277 
0.7628079905755502, -101.906, -0.20219444444444445, 10456.878, 5000.5, 0.2312925170068027 
0.760526241520746, -101.186, -0.20076587301587304, 10318.146, 5000.5, 0.25170068027210885 
0.758251317746764, -101.216, -0.20082539682539682, 10315.696, 5000.5, 0.25170068027210885 
0.7559831988374861, -101.316, -0.20102380952380952, 10343.972, 5000.5, 0.21428571428571427 
0.7537218644378638, -102.112, -0.2026031746031746, 10501.944, 5000.5, 0.24489795918367346 
0.7514672942537357, -101.618, -0.20162301587301587, 10406.546, 5000.5, 0.2074829931972789 
0.7492194680516452, -101.214, -0.20082142857142857, 10315.614, 5000.5, 0.20408163265306123 
0.7469783656586592, -101.9, -0.20218253968253969, 10460.224, 5000.5, 0.2346938775510204 
0.7447439669621867, -100.982, -0.2003611111111111, 10263.526, 5000.5, 0.21088435374149658 
0.7425162519097985, -101.778, -0.2019404761904762, 10443.066, 5000.5, 0.2857142857142857 
0.7402952005090475, -102.276, -0.20292857142857143, 10541.068, 5000.5, 0.27210884353741494 
0.7380807928272886, -102.028, -0.20243650793650794, 10482.596, 5000.5, 0.2346938775510204 
0.7358730089915004, -101.878, -0.2021388888888889, 10470.626, 5000.5, 0.19727891156462585 
0.7336718291881067, -101.51, -0.20140873015873018, 10379.682, 5000.5, 0.23809523809523808 
0.7314772336627985, -101.47, -0.20132936507936508, 10378.85, 5000.5, 0.24149659863945577 
0.729289202720357, -101.152, -0.2006984126984127, 10299.536, 5000.5, 0.2585034013605442 
0.7271077167244768, -101.442, -0.20127380952380952, 10363.346, 5000.5, 0.21088435374149658 
0.7249327560975894, -101.132, -0.20065873015873018, 10309.344, 5000.5, 0.21768707482993196 
0.7227643013206879, -101.37, -0.20113095238095238, 10351.502, 5000.5, 0.2312925170068027 
0.7206023329331512, -101.102, -0.20059920634920636, 10286.59, 5000.5, 0.26870748299319724 
0.7184468315325704, -101.706, -0.20179761904761906, 10416.778, 5000.5, 0.20068027210884354 
0.7162977777745734, -102.318, -0.20301190476190475, 10542.138, 5000.5, 0.21088435374149658 
0.7141551523726525, -101.264, -0.20092063492063492, 10329.424, 5000.5, 0.2074829931972789 
0.7120189360979903, -101.844, -0.20207142857142857, 10439.784, 5000.5, 0.21768707482993196 
0.709889109779288, -102.38, -0.2031349206349206, 10559.348, 5000.5, 0.22108843537414966 
0.7077656543025925, -101.916, -0.2022142857142857, 10459.164, 5000.5, 0.26870748299319724 
0.7056485506111259, -102.108, -0.2025952380952381, 10500.272, 5000.5, 0.22448979591836735 
0.7035377797051132, -101.374, -0.20113888888888887, 10345.326, 5000.5, 0.24489795918367346 
0.701433322641613, -101.938, -0.20225793650793653, 10469.25, 5000.5, 0.2585034013605442 
0.6993351605343465, -101.638, -0.20166269841269843, 10411.182, 5000.5, 0.23809523809523808 
0.697243274553529, -101.772, -0.20192857142857143, 10435.956, 5000.5, 0.22448979591836735 
0.6951576459257001, -101.012, -0.20042063492063492, 10285.788, 5000.5, 0.22448979591836735 
0.6930782559335552, -102.528, -0.20342857142857143, 10589.164, 5000.5, 0.22108843537414966 
0.6910050859157785, -101.634, -0.2016547619047619, 10408.094, 5000.5, 0.21768707482993196 
0.6889381172668743, -101.998, -0.20237698412698413, 10481.742, 5000.5, 0.21088435374149658 
0.6868773314370011, -102.148, -0.20267460317460317, 10516.048, 5000.5, 0.20408163265306123 
0.6848227099318038, -102.342, -0.2030595238095238, 10551.67, 5000.5, 0.18367346938775508 
0.6827742343122494, -101.246, -0.20088492063492064, 10326.23, 5000.5, 0.21768707482993196 
0.6807318861944601, -102.204, -0.20278571428571426, 10516.78, 5000.5, 0.24489795918367346 
0.6786956472495491, -101.588, -0.20156349206349206, 10401.3, 5000.5, 0.25510204081632654 
0.6766654992034558, -101.33, -0.2010515873015873, 10335.89, 5000.5, 0.22448979591836735 
0.6746414238367816, -101.97, -0.20232142857142857, 10466.746, 5000.5, 0.21428571428571427 
0.6726234029846274, -101.616, -0.20161904761904761, 10407.804, 5000.5, 0.24489795918367346 
0.6706114185364292, -101.942, -0.202265873015873, 10473.954, 5000.5, 0.2653061224489796 
0.6686054524357964, -101.534, -0.20145634920634922, 10387.766, 5000.5, 0.25510204081632654 
0.6666054866803496, -101.7, -0.2017857142857143, 10426.976, 5000.5, 0.2585034013605442 
0.6646115033215589, -102.416, -0.2032063492063492, 10559.472, 5000.5, 0.24149659863945577 
0.6626234844645833, -101.928, -0.20223809523809524, 10463.064, 5000.5, 0.25510204081632654 
0.6606414122681091, -101.826, -0.20203571428571426, 10446.314, 5000.5, 0.2619047619047619 
0.658665268944191, -101.874, -0.20213095238095238, 10457.666, 5000.5, 0.24149659863945577 
0.6566950367580916, -102.37, -0.2031150793650794, 10557.194, 5000.5, 0.21088435374149658 
0.6547306980281227, -101.526, -0.20144047619047617, 10378.082, 5000.5, 0.2312925170068027 
0.6527722351254861, -102.512, -0.2033968253968254, 10582.188, 5000.5, 0.2312925170068027 
0.6508196304741161, -102.684, -0.20373809523809525, 10622.372, 5000.5, 0.22448979591836735 
0.6488728665505215, -101.386, -0.2011626984126984, 10352.466, 5000.5, 0.21768707482993196 
0.6469319258836275, -101.884, -0.20215079365079366, 10448.516, 5000.5, 0.24149659863945577 
0.6449967910546204, -101.836, -0.20205555555555554, 10457.88, 5000.5, 0.22108843537414966 
0.6430674446967903, -101.926, -0.202234126984127, 10459.706, 5000.5, 0.22789115646258504 
0.6411438694953754, -101.846, -0.20207539682539682, 10454.534, 5000.5, 0.25170068027210885 
0.6392260481874068, -102.672, -0.2037142857142857, 10616.988, 5000.5, 0.23809523809523808 
0.6373139635615531, -101.992, -0.2023650793650794, 10483.156, 5000.5, 0.22448979591836735 
0.6354075984579667, -101.33, -0.2010515873015873, 10336.638, 5000.5, 0.2312925170068027 
0.6335069357681293, -102.636, -0.20364285714285713, 10613.392, 5000.5, 0.24829931972789115 
0.6316119584346981, -103.032, -0.20442857142857143, 10694.068, 5000.5, 0.25510204081632654 
0.6297226494513536, -103.024, -0.2044126984126984, 10695.384, 5000.5, 0.24149659863945577 
0.627838991862646, -102.176, -0.20273015873015873, 10508.832, 5000.5, 0.18367346938775508 
0.6259609687638439, -101.492, -0.20137301587301587, 10373.944, 5000.5, 0.22108843537414966 
0.6240885633007816, -102.048, -0.20247619047619048, 10488.264, 5000.5, 0.2346938775510204 
0.6222217586697089, -102.078, -0.2025357142857143, 10491.954, 5000.5, 0.2585034013605442 
0.6203605381171398, -102.084, -0.20254761904761906, 10498.436, 5000.5, 0.22108843537414966 
0.6185048849397017, -102.526, -0.20342460317460317, 10589.954, 5000.5, 0.21428571428571427 
0.6166547824839866, -101.178, -0.20074999999999998, 10304.882, 5000.5, 0.2312925170068027 
0.6148102141464006, -102.228, -0.2028333333333333, 10523.78, 5000.5, 0.24829931972789115 
0.6129711633730153, -101.852, -0.2020873015873016, 10453.192, 5000.5, 0.24149659863945577 
0.6111376136594192, -102.54, -0.20345238095238097, 10590.384, 5000.5, 0.2585034013605442 
0.6093095485505697, -101.766, -0.2019166666666667, 10433.29, 5000.5, 0.23809523809523808 
0.6074869516406457, -102.312, -0.20299999999999999, 10537.36, 5000.5, 0.2312925170068027 
0.6056698065728993, -102.84, -0.20404761904761906, 10649.072, 5000.5, 0.22448979591836735 
0.6038580970395101, -102.134, -0.2026468253968254, 10499.006, 5000.5, 0.23809523809523808 
0.6020518067814388, -101.782, -0.20194841269841268, 10427.79, 5000.5, 0.19047619047619047 
0.60025091958828, -102.002, -0.2023849206349206, 10482.41, 5000.5, 0.2585034013605442 
0.5984554192981185, -103.276, -0.2049126984126984, 10740.26, 5000.5, 0.25170068027210885 
0.5966652897973832, -101.886, -0.2021547619047619, 10456.742, 5000.5, 0.21428571428571427 
0.5948805150207026, -101.872, -0.20212698412698413, 10448.584, 5000.5, 0.2074829931972789 
0.5931010789507609, -102.486, -0.2033452380952381, 10578.33, 5000.5, 0.2312925170068027 
0.5913269656181539, -102.304, -0.202984126984127, 10537.712, 5000.5, 0.25170068027210885 
0.589558159101246, -102.516, -0.20340476190476192, 10583.728, 5000.5, 0.25170068027210885 
0.5877946435260272, -101.356, -0.2011031746031746, 10356.704, 5000.5, 0.20408163265306123 
0.5860364030659705, -102.276, -0.20292857142857143, 10545.152, 5000.5, 0.22789115646258504 
0.5842834219418901, -101.728, -0.20184126984126982, 10421.616, 5000.5, 0.22108843537414966 
0.5825356844217997, -103.178, -0.20471825396825397, 10716.694, 5000.5, 0.2074829931972789 
0.5807931748207713, -102.634, -0.2036388888888889, 10612.71, 5000.5, 0.21088435374149658 
0.5790558775007941, -102.08, -0.20253968253968255, 10496.612, 5000.5, 0.25510204081632654 
0.5773237768706352, -101.936, -0.20225396825396827, 10461.816, 5000.5, 0.24149659863945577 
0.5755968573856982, -101.962, -0.20230555555555557, 10460.79, 5000.5, 0.21088435374149658 
0.573875103547885, -103.374, -0.20510714285714285, 10764.75, 5000.5, 0.2619047619047619 
0.5721584999054558, -102.652, -0.20367460317460317, 10613.892, 5000.5, 0.2074829931972789 
0.5704470310528912, -102.656, -0.2036825396825397, 10619.816, 5000.5, 0.27210884353741494 
0.5687406816307532, -102.212, -0.20280158730158732, 10526.824, 5000.5, 0.2312925170068027 
0.5670394363255481, -102.658, -0.20368650793650794, 10613.31, 5000.5, 0.27210884353741494 
0.5653432798695881, -103.154, -0.20467063492063492, 10720.022, 5000.5, 0.24149659863945577 
0.5636521970408557, -102.79, -0.2039484126984127, 10641.062, 5000.5, 0.2074829931972789 
0.5619661726628652, -102.006, -0.20239285714285715, 10487.306, 5000.5, 0.24829931972789115 
0.5602851916045284, -102.26, -0.2028968253968254, 10535.256, 5000.5, 0.22108843537414966 
0.5586092387800178, -103.212, -0.2047857142857143, 10732.012, 5000.5, 0.2346938775510204 
0.556938299148631, -102.274, -0.20292460317460317, 10531.018, 5000.5, 0.20408163265306123 
0.5552723577146566, -102.958, -0.20428174603174604, 10669.858, 5000.5, 0.19727891156462585 
0.5536113995272386, -102.576, -0.20352380952380952, 10596.332, 5000.5, 0.2619047619047619 
0.5519554096802431, -102.366, -0.20310714285714285, 10553.27, 5000.5, 0.2346938775510204 
0.5503043733121242, -103.064, -0.20449206349206347, 10697.16, 5000.5, 0.26870748299319724 
0.5486582756057903, -102.306, -0.20298809523809525, 10546.842, 5000.5, 0.2653061224489796 
0.5470171017884717, -102.706, -0.20378174603174604, 10616.942, 5000.5, 0.22108843537414966 
0.5453808371315876, -102.542, -0.2034563492063492, 10591.302, 5000.5, 0.2346938775510204 
0.5437494669506141, -102.622, -0.20361507936507936, 10611.202, 5000.5, 0.22448979591836735 
0.5421229766049522, -103.492, -0.20534126984126985, 10787.0, 5000.5, 0.2074829931972789 
0.540501351497797, -102.486, -0.2033452380952381, 10587.306, 5000.5, 0.20408163265306123 
0.5388845770760058, -102.628, -0.20362698412698413, 10598.14, 5000.5, 0.23809523809523808 
0.5372726388299683, -102.302, -0.20298015873015873, 10536.382, 5000.5, 0.21768707482993196 
0.5356655222934761, -102.996, -0.20435714285714285, 10686.348, 5000.5, 0.26870748299319724 
0.5340632130435925, -103.214, -0.20478968253968255, 10726.834, 5000.5, 0.21428571428571427 
0.5324656967005237, -102.872, -0.2041111111111111, 10659.66, 5000.5, 0.24489795918367346 
0.5308729589274894, -102.082, -0.20254365079365078, 10498.698, 5000.5, 0.22108843537414966 
0.5292849854305941, -102.364, -0.20310317460317462, 10551.552, 5000.5, 0.23809523809523808 
0.527701761958699, -102.504, -0.20338095238095238, 10580.668, 5000.5, 0.22789115646258504 
0.5261232743032941, -102.496, -0.20336507936507936, 10583.832, 5000.5, 0.22108843537414966 
0.5245495082983703, -102.97, -0.20430555555555555, 10678.702, 5000.5, 0.23809523809523808 
0.5229804498202929, -102.034, -0.2024484126984127, 10482.29, 5000.5, 0.19047619047619047 
0.5214160847876742, -102.83, -0.20402777777777778, 10649.546, 5000.5, 0.2074829931972789 
0.5198563991612477, -102.618, -0.20360714285714285, 10614.35, 5000.5, 0.22448979591836735 
0.5183013789437417, -102.526, -0.20342460317460317, 10586.526, 5000.5, 0.24149659863945577 
0.516751010179754, -102.016, -0.20241269841269843, 10482.684, 5000.5, 0.24149659863945577 
0.5152052789556263, -102.58, -0.20353174603174604, 10599.024, 5000.5, 0.21428571428571427 
0.5136641713993196, -102.378, -0.20313095238095238, 10552.518, 5000.5, 0.24149659863945577 
0.5121276736802896, -103.13, -0.20462301587301587, 10714.002, 5000.5, 0.25170068027210885 
0.5105957720093627, -102.49, -0.2033531746031746, 10574.254, 5000.5, 0.24489795918367346 
0.5090684526386122, -102.894, -0.20415476190476192, 10661.846, 5000.5, 0.20068027210884354 
0.5075457018612345, -102.93, -0.20422619047619048, 10669.45, 5000.5, 0.22789115646258504 
0.506027506011427, -102.782, -0.2039325396825397, 10632.538, 5000.5, 0.24829931972789115 
0.5045138514642646, -102.856, -0.20407936507936505, 10649.86, 5000.5, 0.20408163265306123 
0.5030047246355779, -102.712, -0.2037936507936508, 10629.752, 5000.5, 0.2346938775510204 
0.5015001119818309, -102.844, -0.20405555555555555, 10650.572, 5000.5, 0.22108843537414966 
0.5, -103.336, -0.20503174603174604, 10759.936, 5000.5, 0.21768707482993196 
